# callgrind format
version: 1
creator: callgrind-3.22.0
pid: 16669
cmd:  ./a.out
part: 1


desc: I1 cache: 
desc: D1 cache: 
desc: LL cache: 

desc: Timerange: Basic block 0 - 33124
desc: Trigger: Program termination

positions: line
events: Ir
summary: 148764


ob=(4) /usr/libexec/valgrind/vgpreload_core-amd64-linux.so
fl=(147) ???
fn=(576) 0x0000000000001060
0 5

fn=(470) 0x0000000000001110
0 12

fn=(566) 0x00000000000010d0
0 9
cob=(3) ???
cfi=(144) ???
cfn=(572) 0x000000000483d030
calls=1 0 
0 80
0 1
cfn=(576)
calls=1 0 
0 5
0 3

ob=(1) /usr/lib/x86_64-linux-gnu/ld-linux-x86-64.so.2
fl=(29) ./string/../sysdeps/x86_64/multiarch/memmove-vec-unaligned-erms.S
fn=(82) memcpy
210 16
+1 16
+6 16
+1 16
+2 10
+1 10
+1 10
+2 7
+1 7
+1 7
+2 7
+80 6
+1 6
+2 1
+4 1
+1 1
+1 1
+1 1
+1 1
+4 1
+2 1
+39 5
+1 5
+1 5
+1 5
+1 5
+7 3
+1 3
+1 3
+1 3
+1 3
+1 3
+1 3
+11 3
+1 3
+2 3
+1 3
+1 3

fn=(124) mempcpy
197 10
+1 10
+1 10
+1 10
+17 10
+1 10
+2 4
+1 4
+1 4
+2 3
+1 3
+1 3
+2 3
+80 6
+1 6
+2 1
+4 1
+1 1
+1 1
+8 1
+39 5
+1 5
+1 5
+1 5
+1 5
+7 1
+1 1
+1 1
+1 1
+1 1
+1 1
+1 1
+11 1
+1 1
+2 1
+1 1
+1 1

fl=(72) ./elf/./elf/dl-version.c
fn=(238) _dl_check_all_versions
392 7
+4 5
-2 1
+4 24
cfn=(240) _dl_check_map_versions
calls=4 155 
* 3525
-2 4
+2 12
-1 4
-1 8
+5 7

fn=(240)
155 40
+15 12
+2 20
+2 4
+1 4
+2 8
+3 4
-16 4
+20 2
-4 2
-24 2
+28 14
+16 4
36 2
200 2
36 14
+1 5
-1 10
+2 21
cfi=(51) ./elf/./elf/dl-misc.c
cfn=(166) _dl_name_match_p
calls=7 +30 
* 646
* 16
208 6
+5 2
fi=(173) ./elf/../sysdeps/generic/_itoa.h
76 6
fe=(72)
213 4
+4 4
+1 4
-1 4
+4 2
-3 2
+3 2
-3 6
-1 6
+1 6
-1 6
+4 3
-3 3
+3 3
-3 19
56 20
+8 15
+6 15
+16 5
+1 10
+2 5
+5 35
+14 98
+12 132
+4 44
-30 88
231 20
+3 15
+5 3
-24 3
110 5
+3 25
cfi=(32) ./string/../sysdeps/x86_64/multiarch/../multiarch/strcmp-sse2.S
cfn=(94) strcmp
calls=5 -15 
* 198
* 15
224 15
+4 4
+15 6
+14 10
+3 4
+3 14
+3 8
+4 2
-7 8
+3 6
+4 44
-7 176
+3 134
+8 6
+6 6
fi=(28) ./elf/../include/rtld-malloc.h
44 3
fe=(72)
280 6
fi=(28)
44 3
cfi=(27) ./elf/./elf/dl-minimal-malloc.c
cfn=(74) __minimal_calloc
calls=3 +36 
* 123
fe=(72)
281 6
-2 3
fi=(28)
44 3
fe=(72)
281 3
+13 3
-3 3
+3 12
+2 6
+3 8
+4 6
+7 5
+1 5
-1 15
+1 5
+1 5
-2 5
+2 10
+1 15
+3 15
+5 3
-15 3
+2 3
-2 3
+2 3
-2 3
+2 6
-2 2
+2 2
-2 2
+2 2
-2 2
+2 4
+16 6
+10 4
+3 4
+4 46
+6 46
+1 46
+1 46
-1 138
+1 46
-1 46
+1 46
+1 46
+3 138
+4 46
-14 96
+10 6
+12 4
+1 4
+1 4
+1 2
+19 36
164 2
-8 2
257 5
+17 3
+60 2
-40 2
+76 4
+2 4
+4 2
-4 120
+1 60
+2 1
+1 2
-1 1
+1 1
cfi=(32)
cfn=(242) strncmp
calls=1 98 
* 32
* 2

fl=(76) ./elf/./elf/dl-reloc.c
fn=(260) _dl_relocate_object
207 55
+1 10
+12 4
+4 16
-4 4
+6 12
+3 4
-1 4
+1 8
+22 20
+4 4
+7 6
fi=(6) ./elf/../sysdeps/x86_64/dl-machine.h
81 8
fi=(4) ./elf/../sysdeps/generic/ldsodefs.h
-2 4
fe=(76)
301 8
fi=(4)
79 8
fe=(76)
301 9833
fi=(4)
79 1
fe=(76)
301 1
fi=(4)
79 2
fe=(76)
301 154
-80 8
fi=(6)
393 8
fe=(76)
190 4
+31 4
-31 4
fi=(6)
393 12
fi=(5) ./elf/./elf/do-rel.h
49 4
fe=(76)
301 4
fi=(5)
50 4
+30 4
-31 8
+4 4
-3 4
+3 4
-3 4
+3 12
+27 8
-31 4
fe=(76)
301 4
fi=(5)
50 4
+30 4
-31 8
+4 4
-3 4
+3 4
-3 4
+3 12
+27 8
fe=(76)
301 24
fi=(5)
51 4
fi=(4)
+28 20
fi=(6)
730 8
+4 6
fe=(76)
304 20
+24 4
+3 8
+17 12
+2 40
-98 8
+3 4
+7 2
-9 2
+9 4
fi=(6)
81 4
fi=(5)
+33 24
+9 14
+1 2
fi=(6)
498 2
fi=(5)
124 2
fi=(6)
498 4
fi=(5)
124 4
fi=(6)
498 4
fi=(5)
124 4
fi=(6)
498 8
+5 12
+1 6
fi=(5)
123 6
fi=(6)
504 6
-5 6
fi=(5)
123 12
+3 24
+3 24
+2 21
fe=(76)
+59 6
fi=(5)
73 3
fe=(76)
190 3
fi=(5)
72 3
fe=(76)
190 27
fi=(5)
-57 6
+1 3
+1 3
-2 3
+2 3
+3 3
-5 3
+2 3
-2 3
+1 6
+2 3
-2 3
+2 9
+2 6
-5 306
+1 153
+1 153
-2 153
+2 153
+3 153
-5 153
+2 153
-2 153
+1 306
+2 153
-2 153
+2 459
+2 306
+9 109
fi=(6)
267 218
+7 218
+4 218
fe=(76)
170 436
fi=(4)
-30 282
fe=(76)
+31 188
+3 188
+8 174
-8 777
+12 172
-3 86
+1 86
+2 346
-3 1
+1 1
+2 91
+1 87
-1 87
+2 174
-1 348
+3 522
cfi=(77) ./elf/./elf/dl-lookup.c
cfn=(268) _dl_lookup_symbol_x
calls=87 772 
* 48155
+3 87
+1 174
-4 87
+4 435
fi=(6)
+93 373
+3 91
-3 288
+3 106
-3 106
+5 212
+25 654
423 24
fi=(5)
150 24
fi=(6)
423 170
fi=(5)
150 287
-19 633
+33 12
+1 64
+1 189
+3 94
+4 47
-1 47
-3 47
+2 94
+2 47
-2 94
fe=(76)
-1 188
fi=(6)
287 47
+3 47
-3 47
+4 94
476 94
+2 47
cfi=(15) ./elf/../sysdeps/x86/dl-get-cpu-features.c
cfn=(428) __x86_cpu_features
calls=1 71 
* 6
cob=(2) /usr/lib/x86_64-linux-gnu/libc.so.6
cfi=(130) ./string/../sysdeps/x86_64/multiarch/strncase.c
cfn=(398) strncasecmp
calls=1 31 
* 15
cob=(2)
cfi=(129) ./string/../sysdeps/x86_64/multiarch/mempcpy.c
cfn=(394) mempcpy
calls=1 33 
* 21
cob=(2)
cfi=(127) ./wcsmbs/../sysdeps/x86_64/multiarch/wcpcpy.c
cfn=(390) wcpncpy
calls=1 31 
* 9
cob=(2)
cfi=(126) ./string/../sysdeps/x86_64/multiarch/strspn.c
cfn=(388) strspn
calls=1 29 
* 7
cob=(2)
cfi=(125) ./string/../sysdeps/x86_64/multiarch/memchr.c
cfn=(386) memchr
calls=1 29 
* 9
cob=(2)
cfi=(124) ./string/../sysdeps/x86_64/multiarch/memmove.c
cfn=(382) memmove
calls=1 29 
* 21
cob=(2)
cfi=(123) ./string/../sysdeps/x86_64/multiarch/stpcpy.c
cfn=(378) stpcpy
calls=1 33 
* 11
cob=(2)
cfi=(122) ./debug/../sysdeps/x86_64/multiarch/memmove_chk.c
cfn=(374) __memmove_chk
calls=1 29 
* 21
cob=(2)
cfi=(121) ./wcsmbs/../sysdeps/x86_64/multiarch/wmemcmp.c
cfn=(372) wmemcmp
calls=1 29 
* 8
cob=(2)
cfi=(120) ./string/../sysdeps/x86_64/multiarch/strncpy.c
cfn=(370) strncpy
calls=1 29 
* 7
cob=(2)
cfi=(119) ./string/../sysdeps/x86_64/multiarch/strlen.c
cfn=(368) strlen
calls=1 29 
* 10
cob=(2)
cfi=(97) ./wcsmbs/../sysdeps/x86_64/multiarch/wcscat.c
cfn=(366) wcscat
calls=1 31 
* 9
cob=(2)
cfi=(118) ./string/../sysdeps/x86_64/multiarch/strcasecmp_l.c
cfn=(362) strcasecmp_l
calls=1 31 
* 15
cob=(2)
cfi=(117) ./string/../sysdeps/x86_64/multiarch/strcpy.c
cfn=(358) strcpy
calls=1 29 
* 11
cob=(2)
cfi=(116) ./wcsmbs/../sysdeps/x86_64/multiarch/wmemset.c
cfn=(356) wmemset
calls=2 31 
* 14
cob=(2)
cfi=(115) ./string/../sysdeps/x86_64/multiarch/memcmp.c
cfn=(354) bcmp
calls=1 29 
* 8
cob=(2)
cfi=(114) ./string/../sysdeps/x86_64/multiarch/strchrnul.c
cfn=(352) strchrnul
calls=1 31 
* 10
cob=(2)
cfi=(113) ./string/../sysdeps/x86_64/multiarch/strncase_l.c
cfn=(348) strncasecmp_l
calls=1 31 
* 15
cob=(2)
cfi=(111) ./string/../sysdeps/x86_64/multiarch/strcat.c
cfn=(344) strcat
calls=1 29 
* 11
cob=(2)
cfi=(110) ./wcsmbs/../sysdeps/x86_64/multiarch/wcscpy.c
cfn=(342) wcscpy
calls=1 60 
* 12
cob=(2)
cfi=(109) ./string/../sysdeps/x86_64/multiarch/strcspn.c
cfn=(340) strcspn
calls=1 29 
* 7
cob=(2)
cfi=(107) ./string/../sysdeps/x86_64/multiarch/strcasecmp.c
cfn=(336) strcasecmp
calls=1 31 
* 15
cob=(2)
cfi=(106) ./string/../sysdeps/x86_64/multiarch/strncmp.c
cfn=(334) strncmp
calls=1 67 
* 15
cob=(2)
cfi=(105) ./wcsmbs/../sysdeps/x86_64/multiarch/wmemchr.c
cfn=(332) wmemchr
calls=2 31 
* 18
cob=(2)
cfi=(104) ./string/../sysdeps/x86_64/multiarch/stpncpy.c
cfn=(330) stpncpy
calls=1 31 
* 7
cob=(2)
cfi=(103) ./wcsmbs/../sysdeps/x86_64/multiarch/wcscmp.c
cfn=(328) wcscmp
calls=1 30 
* 10
cob=(2)
cfi=(102) ./string/../sysdeps/x86_64/multiarch/strrchr.c
cfn=(326) rindex
calls=1 28 
* 10
cob=(2)
cfi=(100) ./debug/../sysdeps/x86_64/multiarch/memset_chk.c
cfn=(322) __memset_chk
calls=1 29 
* 18
cob=(2)
cfi=(99) ./string/../sysdeps/x86_64/multiarch/strchr.c
cfn=(320) index
calls=1 65 
* 13
cob=(2)
cfi=(97)
cfn=(316) wcschr
calls=2 31 
* 20
cob=(2)
cfi=(95) ./string/../sysdeps/x86_64/multiarch/memcmpeq.c
cfn=(312) memcpy@@GLIBC_2.14
calls=1 29 
* 21
cob=(2)
cfi=(94) ./wcsmbs/../sysdeps/x86_64/multiarch/wcsncpy.c
cfn=(310) wcsncpy
calls=1 31 
* 9
cob=(2)
cfi=(93) ./string/../sysdeps/x86_64/multiarch/memrchr.c
cfn=(308) memrchr
calls=1 29 
* 10
cob=(2)
cfi=(92) ./debug/../sysdeps/x86_64/multiarch/memcpy_chk.c
cfn=(304) __memcpy_chk
calls=1 29 
* 21
cob=(2)
cfi=(90) ./debug/../sysdeps/x86_64/multiarch/mempcpy_chk.c
cfn=(300) __mempcpy_chk
calls=1 29 
* 21
cob=(2)
cfi=(89) ./wcsmbs/../sysdeps/x86_64/multiarch/wcslen.c
cfn=(296) wcslen
calls=1 29 
* 12
cob=(2)
cfi=(87) ./string/../sysdeps/x86_64/multiarch/memset.c
cfn=(292) memset
calls=1 29 
* 18
cob=(2)
cfi=(85) ./wcsmbs/../sysdeps/x86_64/multiarch/wcsnlen.c
cfn=(288) wcsnlen
calls=1 30 
* 12
cob=(2)
cfi=(84) ./string/../sysdeps/x86_64/multiarch/strcmp.c
cfn=(286) strcmp
calls=1 79 
* 14
cob=(2)
cfi=(83) ./string/../sysdeps/x86_64/multiarch/strpbrk.c
cfn=(284) strpbrk
calls=1 29 
* 7
cob=(2)
cfi=(82) ./string/../sysdeps/x86_64/multiarch/strnlen.c
cfn=(282) strnlen
calls=2 31 
* 20
cob=(2)
cfi=(80) ./string/../sysdeps/x86/cacheinfo.c
cfn=(278) __x86_cacheinfo
calls=1 86 
* 28
fi=(5)
165 47
fi=(6)
479 47
fi=(5)
165 100
-14 51
fi=(6)
400 48
+2 64
+4 16
+9 16
-9 32
+9 16
fi=(5)
150 32
fi=(6)
320 17
+3 17
-36 75
fi=(5)
141 47
+1 47
-1 141
+2 47
fi=(6)
287 235
fe=(76)
175 63
+3 7
-1 7
+19 7
-18 14
356 20
+3 4
-3 4
+3 4
+4 8
+1 16
cfi=(131) ./misc/../sysdeps/unix/syscall-template.S
cfn=(402) mprotect
calls=4 117 
* 24
* 8
-63 6
fi=(5)
180 7
fe=(76)
+10 2
fi=(5)
73 1
fe=(76)
190 3
fi=(6)
436 7
fi=(5)
182 2
+1 2
-1 1
+3 1
-3 4
+3 2
-3 10
+1 10
-1 5
+3 5
-3 20
+3 10
+8 6
fi=(6)
+74 12
+7 12
+4 12
fe=(76)
170 24
fi=(4)
-30 18
fe=(76)
+31 12
+3 12
+8 12
-8 54
+12 12
-3 6
+1 6
+2 36
+4 24
-4 6
+4 18
cfi=(77)
cfn=(268)
calls=6 772 
* 2969
+3 6
+1 12
-4 6
+4 30
fi=(6)
+93 20
+3 2
-3 6
+3 2
-3 2
+5 4
+25 36
423 6
fi=(5)
196 18
-16 24
+31 7
fe=(76)
-33 7
-3 21

fl=(132) ./elf/./elf/dl-find_object.c
fn=(412) _dlfo_process_initial
474 2
+3 2
-3 6
+1 2
+3 4
+26 14
+1 6
+1 8
-1 16
+3 28
+3 24
-7 10
+27 2
-2 2
+2 6
-18 18
+3 6
-1 6
cfi=(133) ./elf/./dl-find_object.h
cfn=(410) _dl_find_object_from_map
calls=3 95 
* 189
+2 12

fn=(414) _dlfo_sort_mappings
536 1
+1 2
+3 4
+4 1
+1 1
-1 1
+1 2
-1 1
+1 1
-1 1
+1 6
+1 15
+3 2
-1 2
-3 9
+8 6
+1 4
-1 2
-13 4
+14 6
+1 4
-15 4
+17 1

fn=(408) _dl_find_object_init
561 2
+3 1
-3 3
+5 2
+13 1
cfn=(412)
calls=1 474 
* 81
+1 1
-1 1
+1 1
fi=(28)
56 1
cfi=(27)
cfn=(78) __minimal_malloc
calls=1 -20 
* 30
fe=(132)
580 1
fi=(28)
56 1
fe=(132)
582 2
+3 2
+5 1
+1 1
cfn=(412)
calls=1 474 
* 282
+3 3
+10 4
-37 2
cfi=(133)
cfn=(410)
calls=1 95 
* 68
* 1
+29 2
cfn=(414)
calls=1 -60 
* 80
+3 6
+2 1

fl=(1) ???
fn=(0) 0x000000000001f540
0 2
cfi=(2) ./elf/./elf/rtld.c
cfn=(2) _dl_start
calls=1 517 
0 146605
0 8
cfi=(75) ./elf/../sysdeps/x86_64/dl-cet.c
cfn=(458) _dl_cet_setup_features
calls=1 331 
0 4
0 10
cfi=(146) ./elf/./elf/dl-init.c
cfn=(462) _dl_init
calls=1 81 
0 395
0 3
cob=(5) /home/zimbo/42_Piscine/C00/ex04/a.out
cfi=(152) ???
cfn=(488) (below main)
calls=1 0 
0 1737

fl=(45) ./elf/../elf/dl-tls.c
fn=(224) _dl_assign_tls_modid
125 1
+16 1
-13 1
-3 3
+3 1
+55 1
-2 1
+5 1
+1 2

fn=(246) _dl_tls_static_surplus_init
97 2
+3 1
-3 3
+3 1
-3 1
+3 1
-3 1
+3 1
-3 1
+3 1
cfi=(11) ./elf/./elf/dl-tunables.c
cfn=(28) __tunable_get_val
calls=1 387 
* 23
* 1
+1 4
cfi=(11)
cfn=(28)
calls=1 387 
* 23
+1 1
+2 1
-3 1
+1 2
+2 3
+3 1
+2 1
-26 3
+28 3
+1 6

fn=(248) _dl_determine_tlsoffset
216 9
+6 4
+3 2
+36 3
+2 1
-2 1
-2 1
-40 1
-1 1
-1 1
+46 2
+23 3
+3 1
-3 5
+2 2
+6 1
-33 2
+20 1
-20 5
+2 2
+3 1
-1 1
+5 2
-5 1
+1 1
-1 1
+3 2
+2 3
+32 2
-1 1
+53 1
-52 5
+2 2
+51 8

fn=(404) _dl_add_to_slotinfo
1017 8
+9 1
-9 1
+6 1
+4 1
+4 3
+34 2
+3 2
+1 3
+3 6

fn=(406) _dl_allocate_tls_init
523 11
+1 2
+4 1
+6 1
-6 1
+6 1
cfi=(24) ./elf/../sysdeps/nptl/dl-tls_init_tp.c
cfn=(86) rtld_mutex_dummy
calls=1 42 
* 3
+3 3
+12 1
-18 1
+42 3
-19 12
+9 3
+1 2
+6 3
+3 1
-2 1
+2 1
-2 1
+2 4
+4 1
-4 1
+4 1
-1 2
+4 2
+1 4
+2 2
+1 2
+17 1
-8 1
+8 1
+2 4
cfi=(29)
cfn=(124)
calls=1 197 
* 13
* 6
cfi=(42) ./string/../sysdeps/x86_64/multiarch/../multiarch/memset-vec-unaligned-erms.S
cfn=(128) memset
calls=1 132 
* 25
-49 1
+55 1
-55 4
+6 5
+55 2
cfi=(24)
cfn=(86)
calls=1 42 
* 3
+3 2
+3 9

fn=(250) _dl_allocate_tls_storage
417 7
+2 1
+11 1
+1 1
fi=(28)
56 1
cfi=(27)
cfn=(78)
calls=1 -20 
* 85
fe=(45)
432 2
+8 3
fi=(28)
44 1
fe=(45)
440 2
+5 1
-5 1
+1 1
+4 304
+19 1
-99 1
+4 1
+1 1
fi=(28)
44 1
cfi=(27)
cfn=(74)
calls=1 +36 
* 41
fe=(45)
371 2
+3 1
+6 2
+90 7

fn=(144) _dl_count_modids
192 1
+2 2
+1 1
+15 2

fl=(32)
fn=(242)
98 1
+27 1
+1 1
+1 1
+1 1
+1 1
+2 1
+1 1
+2 1
+1 1
+21 1
+1 1
+1 1
+1 1
+1 1
+1 1
+1 1
+1 1
+17 1
+1 1
+1 1
+1 1
+1 1
+1 1
+1 1
2104 1
+3 1
+1 1
+2 1
+1 1
+8 1
+1 1

fn=(94)
98 165
+33 165
+1 165
+2 165
+1 165
+21 165
+1 165
+1 136
+1 136
+1 127
+1 127
+1 127
+1 127
+17 127
+1 127
+1 127
+1 127
+1 127
+1 127
+1 127
+5 11
+1 33
+9 11
+1 11
+1 11
+1 11
+1 11
+1 11
+1 11
+1 11
-7 38
+1 38
+1 38
+1 38
+1 38
+1 38
+1 38
+1 38
+1 43
+1 21
+1 21
+1 21
+2 21
+1 21
+1 21
+1 21
+1 21
+1 21
-5 22
+1 22
+1 22
+1 22
+1 22
+1 22
+10 6
+1 6
+1 6
+2 6
+6 6
+1 6
+1 6
+1 6
+1 6
+5 6
+52 6
+1 6
+1 6
+1 6
+1 6
+2 6
+1 6
+1 6
+1 6
+1 6
+1 6
+1 6
+1 6
+3 6
+1 6
+1 6
+6 6
+1 6
+1 12
+4 6
+1 6
+3 6
+1 6
+1 6
+2 6
+1 6
+1 6
+4 6
+1 6
+1 6
+1 6
+1 6
+1 6
661 1
+1 1
+1 1
+1 1
+1 1
+2 1
+1 1
+1 1
+1 1
+1 1
+1 1
+1 1
780 1
+1 1
+1 1
+1 1
+1 1
+2 1
+1 1
+1 1
+1 1
+1 1
+1 1
+1 1
899 3
+1 3
+1 3
+1 3
+1 3
+2 3
+1 3
+1 3
+1 3
+1 3
+1 3
+1 3
+1 2
+4 2
+1 2
+1 2
+6 2
+1 2
+1 4
+4 2
+1 2
+3 2
+1 2
+1 2
+2 2
+1 2
+1 2
+4 2
+1 2
+1 2
+1 2
+1 2
+1 2
+7 1
+1 1
+2 1
+1 1
+2 1
+1 1
+1 1
+2 1
+1 1
+1 1
+4 1
+1 1
+1 1
+1 1
+1 1
+1 1
+41 1
+1 1
+1 1
+1 1
+1 1
+2 1
+1 1
+1 1
+1 1
+1 1
+1 1
+1 1
+1 1
+4 1
+1 1
+1 1
+6 1
+1 1
+1 2
+4 1
+1 1
+3 1
+1 1
+1 1
+2 1
+1 1
+1 1
+4 1
+1 1
+1 1
+1 1
+1 1
+1 1
+69 4
+1 4
+1 4
+1 4
+1 4
+2 4
+1 4
+1 4
+1 4
+1 4
+1 4
+1 4
+1 1
+4 1
+1 1
+1 1
+6 1
+1 1
+1 2
+4 1
+1 1
+3 1
+1 1
+1 1
+2 1
+1 1
+1 1
+4 1
+1 1
+1 1
+1 1
+1 1
+1 1
+69 5
+1 5
+1 5
+1 5
+1 5
+2 5
+1 5
+1 5
+1 5
+1 5
+1 5
+1 5
1494 6
+1 6
+1 6
+1 6
+1 6
+2 6
+1 6
+1 6
+1 6
+1 6
+1 6
+1 6
+1 5
+4 5
+1 5
+1 5
+6 5
+1 5
+1 10
+4 5
+1 5
+3 5
+1 5
+1 5
+2 5
+1 5
+1 5
+4 5
+1 5
+1 5
+1 5
+1 5
+1 5
+69 1
+1 1
+1 1
+1 1
+1 1
+2 1
+1 1
+1 1
+1 1
+1 1
+1 1
+1 1
+1 1
+4 1
+1 1
+1 1
+6 1
+1 1
+1 2
+4 1
+1 1
+3 1
+1 1
+1 1
+2 1
+1 1
+1 1
+4 1
+1 1
+1 1
+1 1
+1 1
+1 1
+7 1
+1 1
+2 1
+1 1
+2 1
+1 1
+1 1
+2 1
+1 1
+1 1
+4 1
+1 1
+1 1
+1 1
+1 1
+1 1
+41 6
+1 6
+1 6
+1 6
+1 6
+2 6
+1 6
+1 6
+1 6
+1 6
+1 6
+1 6
+1 5
+4 5
+1 5
+1 5
+6 5
+1 5
+1 10
+4 5
+1 5
+3 5
+1 5
+1 5
+2 5
+1 5
+1 5
+4 5
+1 5
+1 5
+1 5
+1 5
+1 5
+7 1
+1 1
+2 1
+1 1
+2 1
+1 1
+1 1
+2 1
+1 1
+1 1
+4 1
+1 1
+1 1
+1 1
+1 1
+1 1
+41 8
+1 8
+1 8
+1 8
+1 8
+2 8
+1 8
+1 8
+1 8
+1 8
+1 8
+1 8
+1 3
+4 3
+1 3
+1 3
+6 3
+1 3
+1 6
+4 3
+1 3
+3 3
+1 3
+1 3
+2 3
+1 3
+1 3
+4 3
+1 3
+1 3
+1 3
+1 3
+1 3
+69 1
+1 1
+1 1
+1 1
+1 1
+2 1
+1 1
+1 1
+1 1
+1 1
+1 1
+1 1
2093 24
+2 24
+1 24
+1 24
+1 24
-3 25
+1 25
+1 25
+1 25
+1 42
+5 21
+6 21
+1 21
+8 21
+1 21
-16 144
+6 144
+1 144
+8 144
+1 144

fl=(8) ./elf/./elf/dl-setup_hash.c
fn=(14) _dl_setup_hash
25 4
+3 4
-3 4
+3 8
+3 12
+1 8
+2 4
-1 4
+3 12
+1 4
+1 8
+7 4
-5 4
-2 4
+3 8
+2 4
+2 8
+5 4

fl=(133)
fn=(410)
95 8
+1 8
+1 4
+6 20
+1 119
+1 82
+2 12
+5 4

fl=(48) ./string/../string/strcspn.c
fn=(154) strcspn
32 6
+1 3
+1 2
+5 6
+1 4
+1 4
+1 4
+2 1
+3 3
+1 2
-1 6
+1 4
+3 4
+1 4
+1 4
+1 4
+2 3
+6 1
-1 1
+1 1
+2 2
-1 2
+2 1
+2 6
-5 12
-1 12
+1 12
+2 24
-1 24
+2 12
+2 72
+2 1
+1 3
+1 2
-1 1
+1 1

fl=(51)
fn=(214) _dl_sysdep_read_whole_file
36 2
+3 1
-3 7
+3 1
-3 2
+3 1
cfi=(52) ./io/../sysdeps/unix/sysv/linux/open64_nocancel.c
cfn=(170) __open_nocancel
calls=1 -11 
* 20
+1 2
+23 8
-21 4
cfi=(54) ./io/../sysdeps/unix/sysv/linux/fstat64.c
cfn=(176) fstat
calls=1 -12 
* 6
* 2
+2 2
+3 2
+13 2
cfi=(61) ./io/../sysdeps/unix/sysv/linux/close_nocancel.c
cfn=(192) __GI___close_nocancel
calls=1 -35 
* 6
* 1
-11 6
cfi=(56) ./misc/../sysdeps/unix/sysv/linux/mmap64.c
cfn=(180) mmap
calls=1 -2 
* 26
* 2

fn=(166)
68 98
+1 28
cfi=(32)
cfn=(94)
calls=14 +29 
* 422
* 28
+3 14
+2 28
+6 15
-6 30
+1 54
cfi=(32)
cfn=(94)
calls=18 +23 
* 574
* 36
+8 3
-13 3
+13 20
-1 11
+1 33

fl=(137) ./elf/./elf/dl-lookup-direct.c
fn=(426) _dl_lookup_direct
74 30
+2 3
-2 6
+4 3
-4 3
+2 3
+2 9
+37 3
-37 9
+1 6
+2 12
+3 25
+2 6
-54 3
+54 3
-54 3
+54 3
-54 9
+1 9
+2 6
+1 6
+12 9
+3 3
+2 6
-2 3
+2 9
cfi=(32)
cfn=(94)
calls=3 +45 
* 209
* 6
+4 6
+1 3
-1 3
+1 18
+1 9
cfi=(32)
cfn=(94)
calls=3 +39 
* 198
* 6
+57 27
-23 6

fl=(65) ./io/../sysdeps/unix/sysv/linux/fstatat64.c
fn=(210) fstatat
146 4
-55 4
+70 5
+1 1
-2 2
+1 2

fl=(63) ./elf/./elf/dl-deps.c
fn=(204) openaux
61 12
+7 2
-4 6
+1 2
-1 14
cfi=(30) ./elf/./elf/dl-load.c
cfn=(164) _dl_map_object
calls=2 1967 
* 5416
* 2
+5 6

fn=(200) _dl_map_object_deps
143 4
+1 2
-1 1
+1 1
-1 2
+1 1
-1 1
+1 1
-1 4
+1 3
-1 1
+1 7
-8 1
+8 2
-8 1
-6 1
-2 1
+16 1
-8 1
-7 1
+1 1
+6 1
+24 4
-28 3
-2 1
+31 1
-33 2
+2 2
+30 2
-30 1
-1 4
+7 4
+24 3
+28 3
-6 1
+46 1
fi=(71) ./elf/../include/scratch_buffer.h
77 1
fe=(63)
+87 1
fi=(71)
-87 1
+1 1
fe=(63)
184 1
+44 4
-31 1
-4 1
+4 5
-4 3
+4 6
+11 12
-18 2
+18 4
417 8
+2 2
+3 2
-3 6
+3 2
-3 2
fi=(28)
56 2
cfi=(27)
cfn=(78)
calls=2 -20 
* 60
fe=(63)
423 6
fi=(28)
56 2
fe=(63)
423 2
+6 2
+1 10
cfi=(29)
cfn=(82)
calls=2 210 
* 22
+1 10
cfi=(29)
cfn=(82)
calls=2 210 
* 22
+3 2
+1 4
+4 12
188 6
442 9
-1 4
+1 8
183 6
+27 8
+7 2
+4 2
-6 2
+1 2
+1 2
+1 4
+3 6
-2 2
-29 10
+32 112
+6 8
cfi=(30)
cfn=(202) _dl_dst_count
calls=2 +10 
* 118
* 6
+4 4
-2 2
+2 4
cfi=(49) ./elf/./elf/dl-catch.c
cfn=(158) _dl_catch_exception
calls=2 -28 
* 5592
+1 4
+9 2
+2 4
+5 10
+6 2
+2 2
-8 4
+3 2
+1 2
+1 2
+1 2
+4 2
-3 2
+3 6
+4 6
+1 3
-43 230
+7 4
+38 162
fi=(71)
85 3
fe=(63)
448 5
+1 1
+3 4
+11 5
fi=(28)
56 1
cfi=(27)
cfn=(78)
calls=1 -20 
* 30
fe=(63)
465 3
fi=(28)
56 1
fe=(63)
465 1
+5 2
+1 1
-1 3
+4 3
-2 2
+13 3
+5 3
-16 9
+11 3
-7 3
+7 3
-2 6
-5 1
+7 1
-2 2
+2 1
-11 1
+11 1
+5 1
-16 3
+21 3
+37 2
+15 2
-14 2
+20 1
-1 4
+1 4
-1 5
cfi=(13) ./elf/./elf/dl-sort-maps.c
cfn=(230) _dl_sort_maps
calls=1 298 
* 277
+5 1
+2 1
+1 1
+1 2
-2 1
+2 1
+7 3
+3 2
+3 8
198 25
+3 2
fi=(71)
-70 8
cfi=(70) ./malloc/./malloc/scratch_buffer_set_array_size.c
cfn=(226) __libc_scratch_buffer_set_array_size
calls=2 30 
* 50
fe=(63)
+70 6
+4 4
547 4
cfi=(29)
cfn=(82)
calls=1 210 
* 11
* 3
-53 2
144 2

fl=(44) ./elf/./elf/dl-debug.c
fn=(194) _dl_debug_update
38 3
+3 3
-1 6
+4 6
+4 3

fn=(142) _dl_debug_initialize
56 3
+3 2
+4 1
+22 1
+10 1
-32 2
+1 1
+21 2
+5 2
+1 1
+4 1
-4 1
-1 1
+2 1
+3 1
+4 2
+8 2
-50 1
+4 2
+35 6

fn=(148) _dl_debug_state
116 2
+1 2

fl=(56)
fn=(180)
47 12
+3 24
-3 72
+6 24
+5 72
+2 48
-7 29

fl=(54)
fn=(176)
30 3
+9 12
+33 3

fl=(162) ./elf/./elf/dl-fini.c
fn=(532) _dl_fini
26 5
+17 1
-17 6
+20 13
+3 2
cob=(2)
cfi=(163) ./nptl/./nptl/pthread_mutex_lock.c
cfn=(534) pthread_mutex_lock@@GLIBC_2.2.5
calls=1 +28 
* 44
+2 1
+3 2
+2 5
+7 3
-2 1
+2 1
cfi=(47) ./elf/./elf/dl-audit.c
cfn=(448) _dl_audit_activity_nsid
calls=1 -22 
* 11
+5 15
+5 1
-5 1
+5 3
+2 8
+2 8
+2 8
+1 4
+1 4
+4 4
-12 12
+14 6
+1 4
+6 6
cfi=(13)
cfn=(230)
calls=1 298 
* 317
+9 2
cob=(2)
cfi=(164) ./nptl/./nptl/pthread_mutex_unlock.c
cfn=(536) pthread_mutex_unlock@@GLIBC_2.2.5
calls=1 367 
* 34
+5 6
+2 1
+2 2
-2 3
+2 6
+2 16
cfi=(165) ./elf/./elf/dl-call_fini.c
cfn=(538) _dl_call_fini
calls=4 -90 
* 328
+3 8
cfi=(47)
cfn=(564) _dl_audit_objclose
calls=4 -20 
* 20
-9 8
+14 4
-14 12
+18 3
cfi=(47)
cfn=(448)
calls=1 -85 
* 11
* 2
+6 4
+2 1
-2 2
+6 2
+7 8
-77 2

fl=(9) ./elf/../sysdeps/unix/sysv/linux/dl-sysdep.c
fn=(16) _dl_sysdep_start
102 5
+4 1
-4 1
+1 1
+3 1
cfn=(18) _dl_sysdep_parse_arguments
calls=1 -28 
* 456
+4 2
cfi=(11)
cfn=(22) __GI___tunables_init
calls=1 261 
* 33543
+3 1
cfi=(13)
cfn=(26) _dl_sort_maps_init
calls=1 289 
* 38
+2 2
cfi=(14) ./elf/../sysdeps/unix/sysv/linux/brk.c
cfn=(30) brk
calls=1 -79 
* 8
fi=(6)
220 1
cfi=(15)
cfn=(34) _dl_x86_init_cpu_features
calls=1 37 
* 10910
fe=(9)
-98 3
+1 1
cfi=(22) ./string/../sysdeps/x86_64/multiarch/../multiarch/strlen-sse2.S
cfn=(62) strlen
calls=1 -66 
* 33
* 1
+2 2
cfi=(23) ./elf/../misc/sbrk.c
cfn=(64) sbrk
calls=1 -88 
* 16
* 3
+12 3
+3 5
cfi=(2)
cfn=(66) dl_main
calls=1 1346 
* 100891
+3 4

fn=(18)
78 1
+2 1
-2 6
+1 1
+1 1
-1 1
+2 2
+2 1
-2 1
+2 2
-1 1
+1 2
-1 53
+1 106
+7 56
fi=(10) ./elf/../sysdeps/unix/sysv/linux/dl-parse_auxv.h
-49 1
fe=(9)
+45 1
fi=(10)
-54 1
fe=(9)
+54 1
fi=(10)
-54 1
+1 1
+1 1
+7 3
+1 44
+1 22
-2 22
+2 22
-2 67
fe=(9)
+52 3
+1 1
+1 2
fi=(10)
-49 1
+1 1
fe=(9)
+46 1
fi=(10)
-45 1
+3 1
+1 1
+1 1
+1 1
+2 1
-5 1
-4 1
+1 1
+4 1
+1 1
+3 1
-7 1
-4 1
+1 1
+8 1
fe=(9)
+40 1
-1 1
+2 1
+1 6

fn=(446) _dl_sysdep_start_cleanup
147 1
+1 1

fl=(24)
fn=(86)
42 8
+2 16

fn=(68) __tls_pre_init_tp
53 3
+3 8
+5 1
-5 1
+5 1
+1 1
-6 1
+8 1

fn=(254) __tls_init_tp
68 2
fi=(174) ./elf/../include/list.h
-24 1
fe=(24)
+24 3
fi=(174)
-25 1
fe=(24)
+26 1
+3 1
fi=(174)
-29 1
+1 1
+1 1
+2 1
fe=(24)
+28 4
+1 2
+1 1
+5 2
+5 1
+6 1
-3 1
+3 1
-6 3
+6 1
+12 4
cfi=(11)
cfn=(28)
calls=1 387 
* 24
fi=(74) ./elf/../sysdeps/unix/sysv/linux/rseq-internal.h
-73 3
+8 1
fe=(24)
+81 3
+7 2
+1 3
fi=(74)
-95 7
+3 2
fe=(24)

fl=(138) ./elf/./elf/dl-call-libc-early-init.c
fn=(430) _dl_call_libc_early_init
27 1
+2 2
-2 1
+6 3
-6 3
+6 1
-6 2
+6 1
cfi=(137)
cfn=(426)
calls=1 +41 
* 225
+4 2
+2 3
+2 1
-1 1
-1 1
+2 2
-1 1
cob=(2)
cfi=(139) ./elf/./elf/libc_early_init.c
cfn=(432) __libc_early_init
calls=1 -7 
* 353

fl=(16) ./elf/../sysdeps/x86/cpu-features.c
fn=(42) update_active.constprop.0
72 8
+4 1
+10 1
+9 1
+9 1
-19 1
-1 1
+29 1
-4 1
-24 1
+9 1
+9 1
+9 1
-28 2
+25 1
-15 1
-9 1
+9 1
+9 1
+9 1
-3 1
+7 1
-13 1
+9 1
+4 2
-22 1
+22 2
-13 1
+6 1
+3 1
+5 1
+12 1
-8 1
-4 1
+7 1
-3 4
+1 1
+2 1
-2 2
+1 3
+5 1
+2 1
-2 4
+1 1
+1 1
-1 2
+1 1
-1 1
+3 2
+1 4
+14 2
-42 2
356 2
+4 3
fi=(18) ./elf/../sysdeps/unix/sysv/linux/x86/dl-hwcap2.h
25 2
fi=(19) ./elf/../sysdeps/x86/get-isa-level.h
+5 1
-2 1
+2 3
fe=(16)
369 1
+1 8
fi=(19)
32 3
+4 3
+3 2
+1 4
-2 1
+7 4
+2 1
+1 2
fe=(16)

fn=(36) init_cpu_features.constprop.0
682 1
+17 1
-17 7
+3 1
+1 1
+1 1
+3 1
+9 2
+3 6
1001 3
+1 2
+3 2
+1 2
+6 1
+1 1
+1 1
+1 1
fi=(20) ./elf/../sysdeps/x86/dl-cacheinfo.h
792 1
+1 1
+2 1
+14 2
+85 1
+1 1
+15 1
-5 1
+5 1
-10 1
-6 1
+2 1
+14 1
-15 1
+2 1
-1 1
+2 1
-1 1
+2 1
-1 1
+1 1
+2 1
+1 1
+1 1
+1 1
+35 2
+20 6
+9 2
+19 2
+8 6
cfi=(11)
cfn=(28)
calls=1 387 
* 23
* 1
+2 2
+3 4
cfi=(11)
cfn=(28)
calls=1 387 
* 23
* 1
+2 2
+3 4
cfi=(11)
cfn=(28)
calls=1 387 
* 23
* 1
+1 5
+16 2
-12 5
cfi=(11)
cfn=(28)
calls=1 387 
* 23
* 1
+1 3
+6 3
+3 1
-3 2
cfi=(11)
cfn=(28)
calls=1 387 
* 23
* 1
+3 5
-3 1
+3 5
cfi=(11)
cfn=(58) __GI___tunable_set_val
calls=1 153 
* 62
+1 10
cfi=(11)
cfn=(58)
calls=1 153 
* 62
+1 11
cfi=(11)
cfn=(58)
calls=1 153 
* 62
+3 10
cfi=(11)
cfn=(58)
calls=1 153 
* 62
+2 10
cfi=(11)
cfn=(58)
calls=1 153 
* 62
+13 1
+2 1
fe=(16)
-23 1
fi=(20)
+21 1
+3 1
fe=(16)
-24 1
fi=(20)
+26 1
-5 1
+2 1
-2 1
+3 1
fe=(16)
-24 1
fi=(20)
+25 1
+3 1
-1 1
fe=(16)
-27 1
cfi=(11)
cfn=(28)
calls=1 387 
* 22
+3 4
cfi=(11)
cfn=(28)
calls=1 387 
* 24
+6 3
+7 1
-4 1
+34 1
-11 1
+11 1
-20 1
+26 1
+4 1
-10 1
+12 1
-23 1
+11 1
+17 1
-1 1
+1 1
+45 4
cfi=(11)
cfn=(28)
calls=1 387 
* 22
+2 4
cfi=(11)
cfn=(28)
calls=1 387 
* 22
+6 4
cfi=(11)
cfn=(28)
calls=1 387 
* 24
+7 8
fi=(20)
974 12
fe=(16)
1086 3
+17 2
fi=(20)
811 2
cfn=(50) handle_intel.constprop.0
calls=1 255 
* 799
+1 1
-1 1
+1 1
cfn=(50)
calls=1 255 
* 872
+1 1
-1 1
+1 1
cfn=(50)
calls=1 255 
* 498
+4 1
-4 1
+1 2
+3 1
cfn=(50)
calls=1 255 
* 1016
+2 1
-2 1
+2 1
cfn=(50)
calls=1 255 
* 1020
+3 1
-3 1
+1 2
+2 1
cfn=(50)
calls=1 255 
* 801
+2 1
-2 1
+2 1
cfn=(50)
calls=1 255 
* 803
+3 1
-2 1
-1 1
+3 1
cfn=(50)
calls=1 255 
* 874
+2 1
-2 1
+2 1
cfn=(50)
calls=1 255 
* 876
+1 1
+2 1
-3 1
+1 1
+2 1
cfn=(50)
calls=1 255 
* 500
+2 1
-2 1
+2 1
cfn=(50)
calls=1 255 
* 502
+2 1
-2 1
+2 1
cfn=(50)
calls=1 255 
* 1019
+2 4
-2 1
+2 1
cfn=(56) get_common_cache_info.constprop.0
calls=1 571 
* 223
+93 1
-6 3
+6 1
-6 2
+6 2
-6 2
+6 2
-1 2
fe=(16)
708 6
cfn=(38) get_common_indices.constprop.0
calls=1 398 
* 59
376 3
+1 2
+1 6
+5 2
713 1
cfn=(42)
calls=1 72 
* 119
+2 1
+2 1
1015 1
715 2
878 2
+7 2
+2 2
+4 2
+6 2
+2 1
706 2
-3 1
384 6
+5 2
+1 7
717 1
fi=(20)
987 1
-48 1
fe=(16)
717 1
fi=(20)
987 2
fe=(16)
717 6
+4 7
+60 2
+9 1
-9 2
+51 1

fn=(38)
398 3
+4 4
+3 3
+5 2
-5 1
+5 1
-5 1
+4 1
+1 1
+1 4
+1 4
+1 3
+1 2
+7 2
+2 5
+5 1
-5 1
+5 1
-5 1
+5 1
-5 2
+5 1
+7 1
-7 4
+7 1
fi=(17) ./elf/../sysdeps/unix/sysv/linux/x86/dl-minsigstacksize.h
24 2
+3 2
+54 1
fe=(16)
457 3

fl=(146)
fn=(464) call_init.part.0
26 48
+17 4
+3 4
-3 8
+3 8
+5 6
+8 9
+1 6
cob=(3)
cfi=(144)
cfn=(466) 0x000000000483d000
calls=1 -60 
* 7
+3 3
+1 6
+6 4
+2 4
-2 2
+3 13
+1 4
cob=(2)
cfi=(151) ./libio/./libio/vtables.c
cfn=(484) check_stdfiles_vtables
calls=1 545 
* 12
* 8
cob=(2)
cfi=(148) ./csu/./csu/init-first.c
cfn=(476) _init_first
calls=1 -28 
* 74
cob=(4)
cfi=(147)
cfn=(470)
calls=1 -74 
* 12
-1 9
+3 32
-29 2

fn=(462)
81 13
+1 1
+1 1
+3 3
+8 2
+25 1
+1 8
+1 8
-92 8
+6 12
+2 17
+83 6
cfn=(464)
calls=3 -94 
* 208
* 6
+7 8
-98 2
+60 2
-54 3
+2 7
cfn=(464)
calls=1 -11 
* 77
* 2

fl=(14)
fn=(30)
36 1
fi=(175) ./elf/../sysdeps/unix/sysv/linux/brk_call.h
-12 2
fe=(14)
+13 1
+1 2
+6 1
+1 1

fl=(25) ./elf/./elf/dl-environ.c
fn=(70) _dl_next_ld_env_entry
28 3
+1 3
+3 62
+13 52
-13 104
+2 108
+1 18
+5 2
-3 2
+3 2
+2 2

fl=(136) ./elf/../sysdeps/nptl/dl-mutex.c
fn=(424) __rtld_mutex_init
30 2
+10 3
-10 3
+10 1
-10 1
+10 1
-10 1
+7 1
+3 2
cfi=(137)
cfn=(426)
calls=1 +34 
* 233
+4 2
+1 8
+2 3
-2 1
+2 3
cfi=(137)
cfn=(426)
calls=1 +27 
* 223
+4 2
+1 7
+1 6

fl=(53) ./io/../sysdeps/unix/sysv/linux/read_nocancel.c
fn=(172) __read_nocancel
25 2
+1 8
+1 2

fl=(77)
fn=(274) check_match
70 1380
+3 548
+13 90
-13 90
+13 90
-13 90
+13 270
+3 292
cfi=(32)
cfn=(94)
calls=28 +9 
* 1626
* 56
+4 90
+1 180
+2 176
+19 176
+1 704
+45 90
+1 736
-18 4
+2 4
+1 2
-1 4
+1 6
-1 4
-29 264
cfi=(32)
cfn=(94)
calls=88 -19 
* 2441
* 176
-44 8
+5 4

fn=(268)
772 582
+3 97
-3 291
+3 97
-3 388
fi=(78) ./elf/../sysdeps/generic/dl-new-hash.h
74 97
+3 194
-8 97
+1 194
+10 97
+1 194
-1 643
+1 1286
+20 693
-2 693
+6 693
-3 1386
+2 693
-30 693
+3 1386
fe=(77)
774 97
+1 97
+3 97
-4 97
+1 97
+7 370
+5 97
-2 97
+2 97
-2 97
+6 1393
+1 1358
cfn=(272) do_lookup_x
calls=97 347 
* 34690
* 291
+28 97
-23 291
+23 97
-23 194
+24 524
+7 90
-7 90
+35 360
+34 360
-20 270
+3 180
-57 97
+76 873
fi=(78)
87 47
+1 47
+1 94
+1 47
fe=(77)
871 2
-72 42
+18 21
+11 28

fn=(272)
347 873
+1 97
-1 388
+6 97
-6 97
+65 97
-58 97
+11 97
+50 97
-3 194
+3 194
-50 97
+50 388
-19 957
+8 319
-4 319
+1 319
+3 1276
+1 638
+3 319
-3 319
+4 638
+4 638
-2 319
+5 1276
+3 2233
+99 687
358 638
+3 638
+4 638
+21 638
+4 638
+71 720
fi=(4)
139 180
+1 270
fe=(77)
476 180
fi=(79) ./elf/../sysdeps/generic/dl-protected.h
29 360
fe=(77)
483 696
+16 180
+1 90
+22 90
-21 90
+21 630
-99 276
-1 184
+2 184
+2 92
+6 368
-6 92
+6 644
+7 348
-10 1030
+2 92
+1 276
-1 92
+1 184
-1 92
+1 92
+1 92
-1 92
+1 92
-1 644
cfn=(274)
calls=92 70 
* 9601
+4 276
+3 4
+31 16
+52 7
-1 7
+1 49
-35 18

fl=(62) ./io/../sysdeps/unix/sysv/linux/access.c
fn=(198) access
25 1
+2 7
+4 1

fl=(13)
fn=(26)
289 2
+1 2
-1 2
+1 2
cfi=(11)
cfn=(28)
calls=1 +97 
* 24
+2 3
-1 1
+2 2

fn=(232) dfs_traversal.part.0
135 72
+10 8
-2 8
+2 16
+2 20
-7 20
+7 40
+9 16
+15 24
+1 8
+1 48
-17 12

fn=(230)
298 24
+8 2
-8 2
+8 4
+4 16
-99 2
-28 2
-2 2
+1 4
+29 2
-28 8
+1 2
-1 2
+1 2
-1 4
+1 6
-1 6
+1 6
-1 12
+28 30
+8 6
-3 2
+2 2
+1 4
-3 2
+5 26
+2 8
-83 40
cfn=(232)
calls=8 -5 
* 292
+86 24
+18 8
+32 8
+7 2
+27 2
-47 6
cfi=(29)
cfn=(82)
calls=2 -53 
* 22
* 2

fl=(23)
fn=(64)
37 4
+3 1
-3 2
+21 2
+4 2
+16 5

fl=(57) ./misc/../sysdeps/unix/sysv/linux/setvmaname.c
fn=(182) __set_vma_name
33 2
+2 7
-2 4
+7 1
-7 2
+7 1
-7 2
+7 1
-7 1
+7 1
cfi=(11)
cfn=(28)
calls=1 387 
* 24
* 3
+7 1
+2 6

fl=(38) ./elf/../sysdeps/x86_64/dl-hwcaps-subdirs.c
fn=(110) _dl_hwcaps_subdirs_active
29 1
fi=(19)
+2 1
fe=(38)
+7 1
fi=(19)
-8 4
fe=(38)
+22 1
fi=(19)
-20 3
+4 1
fe=(38)
+2 1
fi=(19)
-2 2
+3 4
+1 4
+5 1
fe=(38)
-7 1
fi=(19)
+7 3
fe=(38)
-2 1
fi=(19)
+5 2
fe=(38)

fl=(27)
fn=(140) __minimal_free
97 1
+2 4

fn=(78)
36 192
+1 72
+11 69
+3 23
-3 23
+3 46
-3 2
+3 1
-3 1
+3 90
+19 24
+1 24
+2 144
-17 8
+1 4
+2 2
+1 14
cfi=(56)
cfn=(180)
calls=2 -13 
* 52
* 2
+2 4
+2 8
cfi=(57)
cfn=(182)
calls=2 -31 
* 56
+1 6
+2 2
+4 2
-4 4
-24 1
-1 1
+1 1
+1 2
-2 2

fn=(74)
80 8
+4 8
-4 32
+7 8
+1 24
fi=(28)
-32 8
cfi=(27)
cfn=(78)
calls=8 -20 
* 347
fe=(27)

fl=(69) ./io/../sysdeps/unix/sysv/linux/pread64_nocancel.c
fn=(222) __pread64_nocancel
25 4
+1 8
+1 2

fl=(43) ./string/./string/strdup.c
fn=(136) strdup
40 18
+1 3
cfi=(22)
cfn=(62)
calls=3 +16 
* 87
* 3
fi=(176) ./string/../include/rtld-malloc.h
+15 6
cfi=(27)
cfn=(78)
calls=3 -20 
* 90
fe=(43)
-12 6
+3 9
+1 9
-1 3
cfi=(29)
cfn=(82)
calls=3 210 
* 41

fl=(30)
fn=(130) fillin_rpath.isra.0
468 9
+4 1
-4 8
+6 3
cfi=(7) ./elf/./elf/dl-minimal.c
cfn=(132) strsep
calls=1 239 
* 240
* 3
cfi=(7)
cfn=(132)
calls=1 239 
* 8
* 6
+7 2
+2 3
cfn=(134) expand_dynamic_string_token
calls=1 -98 
* 125
* 1
+4 2
+5 2
cfi=(22)
cfn=(62)
calls=1 57 
* 17
* 1
+1 2
+7 5
+9 15
+1 8
fi=(28)
50 2
cfi=(27)
cfn=(140)
calls=1 +47 
* 5
+1 1
fe=(30)
528 4
+4 4
fi=(28)
56 1
cfi=(27)
cfn=(78)
calls=1 -20 
* 30
* 1
fe=(30)
534 2
+5 1
+1 2
-1 1
-1 1
+2 1
cfi=(29)
cfn=(124)
calls=1 197 
* 13
+3 1
-3 1
+1 1
+2 1
+6 1
+1 1
-1 3
+1 5
+1 1
-1 1
+1 1
-1 3
+1 1
-1 2
+3 2
+1 3
+1 1
+6 2
+1 1
+3 3
-60 2
-22 2
+88 1
+3 8
-24 2

fn=(174) _dl_map_object_from_fd
944 20
+15 2
-15 4
+15 2
-15 4
+15 4
+77 8
+10 4
+7 14
cfi=(26) ./elf/./elf/dl-object.c
cfn=(72) _dl_new_object
calls=2 59 
* 861
* 2
+1 4
+11 2
+5 2
-4 2
-1 2
+2 2
+2 2
-2 2
+2 4
+1 6
+1 2
+19 2
-2 1
+2 12
-2 1
+2 28
+10 2
-10 2
+10 6
+27 2
-33 2
-3 2
+2 2
-1 2
+35 2
+9 2
-50 2
+41 2
+9 2
-36 2
+63 10
-62 86
+26 56
+8 16
+1 8
-1 8
+1 32
+1 8
-1 8
+1 8
+2 8
-2 8
+2 8
+2 8
-4 8
+1 8
+3 8
-4 8
+4 40
+2 16
+13 16
+1 30
+5 6
+1 54
-28 12
-35 18
+62 2
+1 18
-28 4
-35 51
+1 127
1213 2
1100 2
1213 4
1100 6
1218 14
+10 6
+1 2
-1 2
+1 2
-1 6
+1 6
-1 6
+1 6
-1 18
1066 4
1235 4
+10 8
+7 8
fi=(58) ./elf/./dl-map-segments.h
28 2
fe=(30)
1252 6
fi=(58)
28 4
+1 16
cfi=(56)
cfn=(180)
calls=2 +18 
* 56
+73 4
-1 2
-72 2
+73 2
+3 4
+1 2
+2 2
-3 2
+1 2
+2 2
+17 2
-44 2
fi=(59) ./elf/./dl-load.h
+10 16
fi=(58)
+58 32
+6 2
+2 2
-2 2
+1 2
+2 4
-1 4
+3 4
+5 4
+3 6
+8 12
cfi=(42)
cfn=(128)
calls=2 -44 
* 287
* 2
+6 4
+12 8
-59 48
+2 24
+2 48
cfi=(56)
cfn=(180)
calls=6 -92 
* 126
* 12
fe=(30)
1264 2
fi=(55) ./elf/../sysdeps/posix/dl-fileid.h
37 4
cfi=(54)
cfn=(176)
calls=2 -7 
* 12
* 4
fe=(30)
989 4
fi=(55)
40 6
fe=(30)
989 2
fi=(55)
40 2
fe=(30)
989 23
+1 10
fi=(55)
49 12
fe=(30)
1519 18
1074 13
+1 2
-1 1
+1 1
-1 1
+1 1
cfi=(69)
cfn=(222)
calls=1 25 
* 7
* 2
+46 2
+1 1
-15 4
+7 2
+2 2
-2 2
+1 2
+1 2
-1 4
+1 16
+60 3
+5 1
-1 2
+5 1
-5 2
-66 1
+71 4
+1 1
+3 1
-3 1
+8 4
+15 4
+1 2
1008 4
1268 8
+1 6
fi=(60) ./elf/./elf/get-dynamic-info.h
39 4
+6 2
-2 2
+11 2
+1 2
-10 4
+8 3
+15 3
-23 12
+23 44
-23 176
+4 94
+3 13
-1 26
+3 40
+1 32
+1 10
+16 8
+12 7
+1 8
+1 8
+1 8
+1 7
+1 7
+1 7
+1 8
+12 2
+7 2
-7 14
+7 5
+5 2
+7 2
+1 6
+6 6
+1 3
+17 6
+5 2
+2 2
+2 2
+2 2
+4 6
+2 6
+1 4
+9 4
+6 4
+4 4
fe=(30)
1275 4
+1 4
+2 4
+10 6
+19 6
+2 12
+52 6
+1 2
+6 18
+1 42
+6 8
cfn=(88) _dl_process_pt_gnu_property
calls=2 868 
* 154
-7 52
+1 25
+6 25
-6 50
fi=(31) ./elf/../sysdeps/x86/dl-prop.h
149 8
fe=(30)
1380 4
cfi=(61)
cfn=(192)
calls=2 25 
* 12
* 4
+13 4
+2 8
+2 4
+16 4
cfi=(8)
cfn=(14)
calls=2 25 
* 54
+4 4
+1 4
+17 4
+1 1
+3 1
+5 1
-5 1
+5 1
-5 1
+5 1
-5 1
+5 1
+5 4
+12 16
+10 4
+1 4
+5 2
cfi=(45)
cfn=(224)
calls=1 125 
* 12
+7 6
cfi=(26)
cfn=(84) _dl_add_to_namespace_list
calls=2 31 
* 106
+3 4
+4 4
cfi=(44)
cfn=(194)
calls=2 38 
* 14
* 2
+1 6
+22 14
+1 6
cfi=(47)
cfn=(196) _dl_audit_objopen
calls=2 77 
* 10
* 2
fi=(59)
92 4
+2 1
-1 1
+1 1
-1 1
+1 1
-1 1
+1 1
-1 2
+3 4
fi=(60)
-37 8
+3 8
+2 8
181 3
-22 2
fe=(30)
1510 4
1074 2
fi=(58)
186 8
cfi=(56)
cfn=(180)
calls=1 47 
* 21
+3 2
fe=(30)
1462 6
+2 1
-1 5
+1 1
-1 1
+1 1
-1 1
cfi=(32)
cfn=(94)
calls=1 98 
* 25
* 2
+2 5

fn=(88)
868 3
+8 3
-8 6
+8 3
-6 3
+12 6
-13 3
+13 3
-13 3
+13 6
+3 9
+1 6
+1 6
+3 9
+1 9
+4 3
+1 6
+22 3
+2 3
-2 6
+2 9
-20 10
+1 5
+3 10
+3 5
+1 20
fi=(31)
95 20
+7 10
+16 5
-3 10
254 6
+1 3
+2 12
+3 3
-8 4
+5 2
-4 2
+4 6
+3 2
-2 1
fe=(30)

fn=(164)
1967 36
+8 6
+1 12
+3 51
+5 49
+2 21
cfi=(51)
cfn=(166)
calls=7 68 
* 751
* 14
+4 12
+1 18
+4 2
-1 10
+1 2
+1 2
-1 2
+1 4
cfi=(32)
cfn=(94)
calls=2 98 
* 50
* 4
2270 29
2011 6
-1 4
+9 2
-50 2
+50 4
+17 4
-2 2
+2 2
cfi=(41) ./string/../sysdeps/x86_64/multiarch/../multiarch/strchr-sse2.S
cfn=(118) index
calls=2 32 
* 48
* 4
2202 2
-1 3
cfn=(134)
calls=1 385 
* 175
+6 1
-7 1
+1 1
+2 2
+4 7
cfn=(168) open_verify.constprop.0
calls=1 1572 
* 106
+3 2
-3 1
+3 1
+12 4
+45 1
+1 5
-1 1
+1 8
cfn=(174)
calls=1 944 
* 1940
-1 1
+1 5
-1 1
+1 8
cfn=(174)
calls=1 944 
* 2374
* 6
2040 2
cfi=(22)
cfn=(62)
calls=1 57 
* 17
* 2
+2 2
+7 4
+51 13
cfn=(206) open_path
calls=1 1812 
* 427
+6 1
-6 1
+6 2
2222 4
+46 2
682 1
2107 1
682 2
2135 2
cfi=(66) ./elf/./elf/dl-cache.c
cfn=(212) _dl_load_cache_lookup
calls=1 403 
* 1565
* 1
+2 2
+4 2
+31 1
-23 2
+23 7
cfn=(168)
calls=1 1572 
* 137
+4 2
-4 1
+4 1
+1 1
+17 2
2074 5
682 1
2075 1
682 3
2099 2
+1 2
-47 1
+1 1
696 5
2058 3
682 1
2059 1
682 2
2073 5
+1 2
+41 1
+14 2
+2 3
-47 2

fn=(168)
1572 40
+32 4
-32 8
+32 8
+19 16
cfi=(52)
cfn=(170)
calls=4 28 
* 86
* 4
+2 8
+8 2
+1 4
+5 2
-5 2
+5 10
cfi=(53)
cfn=(172)
calls=2 25 
* 12
+2 4
+2 4
+2 4
+6 4
+17 26
+81 4
+5 4
+6 8
+6 4
+6 2
+1 2
-1 6
+1 6
+26 36
-22 13
+1 2
-1 1
+1 1
cfi=(69)
cfn=(222)
calls=1 25 
* 7
* 2
1668 3
-59 4
1777 2

fn=(206)
1812 8
+1 1
-1 3
+1 1
+6 2
+5 17
+67 2
-74 1
+7 3
+57 1
-65 1
+65 1
+10 2
-64 2
+8 6
+7 2
-11 1
+12 1
-1 4
cfi=(29)
cfn=(124)
calls=1 197 
* 13
+1 18
+3 4
+5 14
cfi=(29)
cfn=(124)
calls=2 197 
* 26
* 8
cfi=(29)
cfn=(124)
calls=2 197 
* 26
+3 4
+6 6
+3 14
cfn=(168)
calls=2 1572 
* 112
* 2
+2 6
+2 4
+93 9
-88 4
+1 14
+6 2
+2 4
-2 4
+2 2
cfi=(64) ./io/../sysdeps/unix/sysv/linux/stat64.c
cfn=(208) stat
calls=2 28 
* 30
* 2
+3 2
-3 4
+1 2
+9 8
+2 1
-2 1
+2 2
+44 8
+6 2
-2 1
+2 2
+3 3
1822 2
+2 2

fn=(202)
238 4
+3 2
-3 10
+7 2
-7 4
+3 2
cfi=(41)
cfn=(118)
calls=2 32 
* 72
+3 4
+20 18

fn=(106) _dl_init_paths
706 11
+14 1
-14 2
+14 2
cfi=(37) ./elf/./elf/dl-hwcaps.c
cfn=(108) _dl_important_hwcaps
calls=1 172 
* 1029
fi=(28)
56 1
fe=(30)
720 1
fi=(28)
56 1
cfi=(27)
cfn=(78)
calls=1 -20 
* 30
fe=(30)
725 1
+2 3
+8 2
-1 3
+5 3
fi=(28)
56 1
cfi=(27)
cfn=(78)
calls=1 -20 
* 30
fe=(30)
739 1
+2 4
+7 1
+8 1
+2 1
+12 2
-23 1
+9 1
+11 1
-4 1
-5 1
+3 2
+7 2
+2 2
-11 1
+11 3
-8 1
+4 1
+1 3
+1 16
cfi=(42)
cfn=(128)
calls=4 132 
* 56
+2 15
-14 3
+10 3
+4 9
-12 3
-2 3
+2 3
+4 3
-3 3
+3 3
+1 3
-2 3
+5 9
+1 6
+3 1
+15 1
-8 1
+5 1
-6 1
+9 2
+2 4
+2 3
+36 5
+2 2
cfi=(22)
cfn=(62)
calls=1 57 
* 17
* 9
-19 1
-2 1
+2 2
+19 9
cfi=(29)
cfn=(82)
calls=1 210 
* 11
* 1
+5 4
-1 2
+2 1
+1 2
-2 4
+1 13
+1 26
-2 52
+5 1
fi=(28)
56 1
cfi=(27)
cfn=(78)
calls=1 -20 
* 30
fe=(30)
836 1
fi=(28)
56 1
fe=(30)
838 2
+6 6
cfn=(130)
calls=1 468 
* 580
+3 3
+6 1
+4 8
-35 2
+5 2

fn=(134)
385 18
241 4
385 2
241 2
cfi=(41)
cfn=(118)
calls=2 32 
* 72
+3 4
410 2
-11 2
+11 12
-11 2
cfi=(43)
cfn=(136)
calls=2 40 
* 180

fl=(47)
fn=(508) _dl_audit_preinit
118 1
+1 4

fn=(150) _dl_audit_activity_map
29 2
+2 1
-2 5
+1 1
+1 2
+6 6

fn=(448)
41 3
+4 12
+1 3
+1 15

fn=(564)
97 4
+1 16

fn=(196)
77 2
+1 8

fl=(165)
fn=(538)
24 32
+4 8
+6 4
-2 4
+3 8
+3 2
+1 2
-1 2
+1 4
+3 8
+1 2
cob=(4)
cfi=(147)
cfn=(566)
calls=1 -43 
* 98
cob=(5)
cfi=(152)
cfn=(540) 0x0000000000001100
calls=1 -43 
* 98
-1 8
+5 4
+1 8
+1 4
+1 10
-1 2
cob=(3)
cfi=(144)
cfn=(582) 0x000000000483d294
calls=1 -49 
* 4
cob=(3)
cfi=(144)
cfn=(562) 0x00000000001091c8
calls=1 -49 
* 4
+1 12

fl=(39) ./elf/./elf/dl-hwcaps_split.c
fn=(120) _dl_hwcaps_split
25 5
+1 3
+21 1
-20 1
+20 3

fn=(114) _dl_hwcaps_split_masked
51 80
-25 32
+36 5
-7 5
+7 35
-26 24
+5 27
cfi=(41)
cfn=(118)
calls=9 -9 
* 216
* 9
+1 18
+3 6
+11 12
+1 18
+1 12
-2 6
+1 9
+1 6
-28 24
+4 48
+1 12
-1 30
+24 3
+9 6
-5 3
-2 3
+2 21
-19 6
cfi=(22)
cfn=(62)
calls=3 +14 
* 51
* 6

fl=(49)
fn=(158)
204 18
58 3
204 6
+3 6
+22 3
-1 3
+1 3
58 6
235 9
cfi=(50) ./setjmp/../sysdeps/x86_64/setjmp.S
cfn=(160) __sigsetjmp
calls=3 31 
* 72
* 9
+2 9
cfi=(63)
cfn=(204)
calls=2 61 
* 5460
cfi=(2)
cfn=(162) map_doit
calls=1 641 
* 2662
69 3
+1 3
-1 3
+1 3
239 12
-25 3
+34 9
59 6
+11 9

fn=(156) _dl_catch_error
254 6
+2 1
-2 6
+2 1
cfn=(158)
calls=1 -52 
* 2728
+1 2
+1 1
+1 1
-1 1
+1 1
+2 6

fn=(234) _dl_receive_error
186 2
58 1
186 4
+2 1
-2 1
58 1
+1 1
+11 1
192 1
+2 1
cfi=(2)
cfn=(236) version_check_doit
calls=1 674 
* 3612
69 2
+1 1
198 1
-1 1
+1 3

fl=(75)
fn=(458)
331 1
+3 2
+16 1

fn=(258) _dl_cet_check
361 8
-76 1
-10 2
+2 2
-1 1
+6 1
+3 1
+8 1
-11 1
+1 1
-1 1
+1 1
-1 1
+1 1
+10 4
+3 1
+4 2
+2 2
-1 1
+2 2
+2 2
-1 2
+4 1
+2 1
+3 2
145 2
+12 2
+16 1
+6 1
363 6

fl=(41)
fn=(118)
32 15
+1 15
+1 15
+1 15
+1 15
+1 15
+1 15
+1 15
+1 15
+1 15
+1 15
+1 15
+1 15
+1 15
+1 15
+1 15
+1 15
+1 15
+1 13
+4 13
+1 13
+1 13
+1 13
+2 13
+4 2
+1 2
+1 2
+1 2
+1 2
+1 2
+1 2
+1 2
+1 2
+1 2
+1 2
+1 2
+1 2
+1 2
+1 2
+1 2
+1 2
+1 2
+1 2
+1 2
+1 2
+1 2
+1 2
+1 2
+52 2
+4 2
+1 2
+1 2
+1 2
+2 2

fl=(42)
fn=(128)
132 7
+1 35
+5 7
+1 7
+3 2
+1 2
244 2
+1 2
+12 2
+3 2
+1 2
+12 2
+1 2
+13 2
+1 2
+2 2
+3 1
+3 2
+3 1
+1 1
+1 1
+1 1
+1 1
+1 1
+1 1
-6 34
+1 34
+1 34
+1 34
+1 34
+1 34
+1 34
+3 2
+1 2
+1 2
+1 2
+5 2
+34 5
+2 5
+1 5
+39 5
+1 5
+2 5

fl=(2)
fn=(236)
674 2
+2 1
-2 4
+2 3
cfi=(72)
cfn=(238)
calls=1 392 
* 3597
* 2
+4 3

fn=(244) init_tls
734 1
+6 1
-6 3
+2 2
+4 2
+11 1
fi=(28)
44 1
fe=(2)
746 1
+4 1
fi=(28)
44 1
cfi=(27)
cfn=(74)
calls=1 +36 
* 41
fe=(2)
761 1
-12 1
+6 1
-9 1
+11 1
+4 1
+2 3
-1 2
+3 8
+4 1
+2 1
-2 2
-5 1
-1 2
+10 3
+3 2
cfi=(45)
cfn=(246)
calls=1 97 
* 86
+3 1
cfi=(45)
cfn=(248)
calls=1 216 
* 79
+7 1
cfi=(45)
cfn=(250)
calls=1 417 
* 469
* 1
+1 2
+6 1
fi=(73) ./elf/../sysdeps/generic/dl-call_tls_init_tp.h
31 2
fe=(2)
793 1
fi=(73)
31 6
+2 1
cfi=(24)
cfn=(254)
calls=1 +35 
* 79
fe=(2)
800 1
-3 1
+3 4
-36 3
-1 7

fn=(66)
1346 2
197 1
1346 11
199 1
302 1
+1 1
197 1
+99 3
1357 1
cfi=(24)
cfn=(68)
calls=1 53 
* 17
2749 1
2538 1
2749 2
2598 1
+2 2
+15 1
-13 2
cfi=(25)
cfn=(70)
calls=1 28 
* 41
* 4
cfi=(25)
cfn=(70)
calls=2 28 
* 317
* 9
+4 6
-2 2
+2 6
+1 2
-1 6
+1 17
-1 89
+9 12
2727 3
1373 1
+1 2
-1 2
+1 2
2687 3
-47 2
+10 2
1637 9
cfi=(26)
cfn=(72)
calls=1 59 
* 210
* 1
+2 2
+1 3
+6 1
-5 2
+1 3
+4 1
cfi=(26)
cfn=(84)
calls=1 31 
* 42
+1 2
1116 1
-1 1
1351 1
1143 1
-21 2
+21 2
-19 1
+1 1
-3 1
+21 2
+57 1
-82 1
+25 1
-3 1
+4 1
+19 1
+37 4
-56 102
+56 4
-1 4
+1 8
-1 4
+2 8
+1 1
+2 12
+1 14
+4 8
+1 8
+1 4
+4 12
-72 27
1253 2
+1 22
+6 4
cfi=(30)
cfn=(88)
calls=1 868 
* 90
-7 26
+1 13
+6 13
-6 26
fi=(31)
235 4
+1 2
-87 4
fe=(2)
1148 1
-5 1
+5 2
-5 2
+30 1
-9 2
+2 1
-3 1
+10 2
+18 2
-38 2
-10 1
+10 1
+1 9
-11 2
+1 14
1247 1
1143 1
1247 2
1143 3
1266 4
+3 3
+2 3
1672 3
+2 2
-1 1
+1 1
+1 3
-2 2
cfi=(32)
cfn=(94)
calls=1 98 
* 25
* 2
+7 1
+3 1
-5 1
+3 1
+2 1
+1 2
+4 2
+2 2
fi=(3) ./elf/./get-dynamic-info.h
39 4
+4 1
+2 1
+9 1
+1 1
-10 2
+23 26
-23 104
+4 52
+3 6
-1 12
+3 24
+1 20
fe=(2)
1243 1
1143 1
1243 1
1143 2
fi=(3)
72 4
+43 2
+7 3
+1 4
+6 3
+18 4
+5 2
+2 2
+2 2
+2 2
+1 2
+3 4
+2 3
+1 2
+9 2
+6 2
+1 3
+3 3
fe=(2)
1698 4
+7 2
cfi=(8)
cfn=(14)
calls=1 25 
* 27
+3 2
fi=(33) ./elf/./setup-vdso.h
24 2
fi=(36) ./elf/./dl-main.h
+85 2
fi=(35) ./elf/../sysdeps/unix/sysv/linux/dl-vdso-setup.h
-64 1
fi=(36)
+64 3
cfi=(30)
cfn=(106)
calls=1 706 
* 2106
fe=(2)
1733 3
cfi=(44)
cfn=(142)
calls=1 56 
* 34
+7 1
-5 1
-2 1
+7 1
+4 1
+1 1
+2 1
-3 3
+1 2
+3 1
+11 1
-13 1
+13 1
+1 2
+5 1
-3 2
+2 1
+1 2
+5 3
+1 5
-1 2
224 1
+1 1
-1 1
+1 3
+1 2
1788 2
+5 1
-1 1
1352 1
1793 1
+24 1
cfi=(45)
cfn=(144)
calls=1 192 
* 6
* 1
fi=(46) ./elf/../sysdeps/generic/dl-debug.h
29 4
+1 1
fe=(2)
1823 1
+1 1
cfi=(44)
cfn=(148)
calls=1 116 
* 2
+1 1
+4 3
cfi=(47)
cfn=(150)
calls=1 29 
* 17
+5 3
+2 1
+2 2
+9 2
+16 4
cfi=(62)
cfn=(198)
calls=1 25 
* 9
* 2
+76 4
+16 3
85 1
1965 1
85 2
1965 1
85 1
1965 5
85 1
1965 2
cfi=(63)
cfn=(200)
calls=1 143 
* 7205
92 1
+9 1
1971 1
92 2
+9 2
1971 2
+1 6
-1 4
+1 6
-1 12
+4 3
+1 2
+1 1
+2 14
+1 6
+46 1
-42 2
+8 3
+1 2
+2 1
+2 3
+2 1
-4 1
+5 1
-1 2
+14 2
+1 2
+1 3
-25 1
+36 2
+2 1
-2 1
+2 2
-2 1
+1 2
+1 1
-1 2
+1 1
cfi=(49)
cfn=(234)
calls=1 186 
* 3634
+10 1
+1 1
-1 1
+1 1
+3 2
837 1
fi=(177) ./elf/../sysdeps/unix/sysv/linux/dl-osinfo.h
39 2
fe=(2)
839 1
fi=(177)
52 1
fe=(2)
848 1
+7 1
-5 1
2047 3
2246 2
+4 1
-4 1
+10 1
-6 1
+6 1
-6 1
+9 2
+8 2
fi=(31)
36 2
+1 3
+3 3
+13 6
-13 3
+9 6
-9 1
+9 16
+4 12
-16 12
+34 1
fe=(2)
2279 1
fi=(31)
71 1
cfi=(75)
cfn=(258)
calls=1 361 
* 55
fe=(2)
2282 1
-3 2
+5 1
-2 2
+2 2
+1 6
cfi=(76)
cfn=(260)
calls=1 207 
* 67603
85 2
2292 1
85 2
2292 1
+1 17
+2 8
+5 8
+2 8
+6 4
+2 8
+1 24
cfi=(76)
cfn=(260)
calls=3 207 
* 7900
+4 10
+1 2
-23 1
+23 1
cfi=(45)
cfn=(404)
calls=1 1017 
* 28
-23 3
92 3
+1 1
2325 1
93 1
2325 1
+4 4
+2 1
+7 4
cfi=(45)
cfn=(406)
calls=1 523 
* 149
+3 2
+4 3
+2 2
+33 3
cfi=(138)
cfn=(430)
calls=1 27 
* 603
+7 1
cfi=(9)
cfn=(446)
calls=1 147 
* 2
+3 3
cfi=(47)
cfn=(448)
calls=1 41 
* 11
+4 2
cfi=(44)
cfn=(194)
calls=1 38 
* 7
+1 1
-1 1
+2 1
cfi=(44)
cfn=(148)
calls=1 116 
* 2
+1 1
+4 1
cfi=(66)
cfn=(450) _dl_unload_cache
calls=1 525 
* 19
+5 8
2304 1
+1 1
-3 2
226 2
-2 1
+1 1
1773 1
+6 1
-6 2
+6 1
fi=(3)
56 5
+3 4
fi=(34) ./elf/../sysdeps/unix/sysv/linux/dl-vdso.h
-19 2
+1 5
fi=(35)
-11 1
+3 1
+3 1
+3 1
fi=(34)
+16 2
fi=(3)
+17 3
+12 3
+1 5
+1 5
+1 5
+1 4
+1 5
+1 5
+1 5
+12 2
+7 1
-7 7
+7 2
fe=(2)
1743 4
2357 1
cfi=(132)
cfn=(408)
calls=1 561 
* 581
+5 3
cfi=(7)
cfn=(416) __rtld_malloc_init_real
calls=1 76 
* 2479
+3 1
cfi=(136)
cfn=(424)
calls=1 30 
* 503
85 1
2371 1
+1 3
85 3
2372 2
cfi=(76)
cfn=(260)
calls=1 207 
* 1613
92 3
+9 3
2687 2
+2 1
+1 1
-1 1
+1 1
+1 1
2040 2
cfn=(244)
calls=1 734 
* 831
* 2
2650 2
+2 2
+1 1
fi=(3)
62 4
+2 4
fe=(2)
1943 10
85 1
1842 2
85 3
1842 2
cfn=(152) handle_preload_list
calls=1 869 
* 3098
* 1
92 3
+9 3
1943 6
+1 1
-1 1
+4 3
+1 1
+1 2
+1 2
-7 2

fn=(162)
641 2
+2 1
-2 4
+2 1
+1 2
-1 2
+1 3
cfi=(30)
cfn=(164)
calls=1 1967 
* 2643
* 1
+2 3

fn=(2)
517 16
85 1
547 4
85 1
543 1
fi=(6)
55 1
fe=(2)
+30 1
546 1
85 1
fi=(3)
-40 1
fe=(2)
546 1
fi=(3)
45 2
+23 18
-23 72
+4 36
+3 5
-1 10
+3 20
+1 16
+1 5
fi=(4)
+23 1
fi=(3)
+31 1
-38 3
+12 4
+1 3
+1 4
+1 4
+1 5
+1 3
+1 4
+1 4
+12 7
+7 2
-51 4
+64 3
+6 3
+1 3
+3 2
+1 3
+5 5
+3 5
fe=(2)
563 154
fi=(4)
79 1
fe=(2)
563 1
fi=(4)
79 2
fe=(2)
563 27
fi=(6)
287 3
fi=(5)
49 1
fe=(2)
563 1
fi=(5)
50 1
-1 2
+4 1
-3 1
+3 4
+3 2
-7 1
fe=(2)
563 1
fi=(5)
50 1
-1 2
+4 1
-3 1
+3 4
+3 2
+7 3
+2 3
-2 6
fi=(6)
278 3
fi=(5)
64 6
fi=(6)
278 6
+9 24
+3 6
+1 6
+26 8
+6 2
fi=(5)
61 13
fe=(2)
563 6
fi=(5)
51 1
fi=(4)
+28 2
fi=(3)
-17 4
+2 4
fe=(2)
565 1
+13 1
cfi=(7)
cfn=(12) __rtld_malloc_init_stubs
calls=1 42 
* 10
458 2
85 1
476 2
85 3
476 1
cfi=(8)
cfn=(14)
calls=1 25 
* 27
+2 1
+16 2
-17 1
+11 1
-10 1
+16 1
cfi=(9)
cfn=(16)
calls=1 102 
* 145932
* 1
+2 2
+89 9
fi=(3)
103 3
fe=(2)

fn=(152)
869 11
+5 1
-5 2
+5 2
-4 3
+7 3
cfi=(48)
cfn=(154)
calls=1 32 
* 254
* 1
+1 3
+9 1
183 1
889 2
183 2
891 2
-80 1
+5 1
-6 1
-4 1
+10 2
-6 1
+4 1
+2 2
-5 1
+1 1
+4 1
cfi=(49)
cfn=(156)
calls=1 254 
* 2754
+1 3
+8 3
+67 1
-18 2
+21 9
-15 4
cfi=(29)
cfn=(82)
calls=1 210 
* 19
+1 2

fl=(15)
fn=(34)
37 1
+2 3
+2 1
cfi=(16)
cfn=(36)
calls=1 682 
* 10905

fn=(428)
71 1
-32 3
+32 2

fl=(66)
fn=(450)
525 1
+1 4
-1 1
+3 1
-3 1
+3 1
cfi=(131)
cfn=(452) munmap
calls=1 117 
* 6
+7 1
-6 1
+4 1
+2 1

fn=(212)
403 10
+2 2
+3 3
+74 1
205 1
482 2
+3 3
fi=(68) ./elf/../sysdeps/x86/dl-procinfo.h
39 2
+3 3
cfi=(32)
cfn=(94)
calls=1 +56 
* 50
* 7
cfi=(32)
cfn=(94)
calls=1 +56 
* 45
* 5
fe=(66)
208 6
cfi=(11)
cfn=(28)
calls=1 387 
* 23
* 1
+12 1
-10 1
-2 1
+12 2
-7 5
+9 5
+1 1
-32 2
+36 1
-4 1
+4 2
-5 45
+1 9
-32 18
+36 9
-4 9
+4 18
+4 30
cfn=(220) _dl_cache_libcmp
calls=10 357 
* 733
+1 20
346 9
+3 4
220 8
347 5
220 12
+2 10
+20 2
+3 2
+2 4
cfn=(220)
calls=1 357 
* 73
* 2
-7 2
-30 3
+1 1
fi=(178) ./elf/../sysdeps/x86/dl-isa-level.h
28 2
fe=(66)
210 2
fi=(178)
28 1
fe=(66)
210 1
+1 1
-1 3
+76 3
fi=(178)
28 3
fe=(66)
259 2
+10 3
+1 4
+16 1
fi=(67) ./elf/../sysdeps/generic/dl-cache.h
125 1
fe=(66)
286 3
+9 2
+3 2
+3 1
+1 3
+28 2
500 2
+12 2
cfi=(22)
cfn=(62)
calls=1 57 
* 35
+1 1
-1 1
+1 12
+1 1
-1 1
+1 1
-1 1
+1 1
cfi=(29)
cfn=(82)
calls=1 210 
* 11
* 1
+1 1
cfi=(43)
cfn=(136)
calls=1 40 
* 95
+1 8
411 4
cfi=(51)
cfn=(214)
calls=1 36 
* 103
* 1
+8 5
+1 8
+3 3
+1 1
-1 3
fi=(67)
194 1
+1 5
fe=(66)
431 1
+1 2

fn=(220)
357 11
+1 11
+32 11
-33 11
+1 24
+2 54
+2 54
-2 108
+20 106
+2 106
-12 43
+2 43
+14 43
+1 43
-29 86
+32 3
-28 2
+6 1
+2 1
-2 1
+1 1
-1 1
+1 1
-1 1
+2 3
+2 1
-3 1
+3 3
+2 2
+9 30

fl=(7)
fn=(132)
239 2
+3 4
+2 2
+1 4
+4 3
-2 2
+4 28
+5 84
-2 56
+13 1
+4 4
-22 14
+15 14
-15 30

fn=(420) lookup_malloc_symbol
61 8
+3 4
-3 12
+3 4
-3 12
+3 4
-3 4
+2 4
+1 16
cfi=(77)
cfn=(268)
calls=4 772 
* 2196
+4 28
+1 28
+2 4
fi=(135) ./elf/./dl-sym-post.h
-30 8
+12 12
fe=(7)
+19 24

fn=(416)
76 2
+10 1
fi=(134) ./elf/../sysdeps/generic/dl-hash.h
-41 1
-1 1
fe=(7)
+32 8
+11 1
-1 1
fi=(134)
-43 1
+5 3
+14 4
-17 3
+3 15
+14 20
-17 15
fe=(7)
+46 2
fi=(134)
-24 1
fe=(7)
+22 1
+2 2
fi=(134)
-19 1
fe=(7)
+19 1
cfn=(420)
calls=1 -30 
* 574
+1 3
-1 1
+1 1
cfn=(420)
calls=1 -31 
* 563
+1 3
-1 1
+1 1
cfn=(420)
calls=1 -32 
* 648
+1 3
-1 1
+1 1
cfn=(420)
calls=1 -33 
* 583
+5 1
+1 1
+1 1
+1 1
+1 8

fn=(12)
42 1
+1 2
+1 2
+1 2
+1 2
+1 1

fl=(37)
fn=(108)
172 6
+3 1
-3 3
+3 1
-3 5
+2 1
cfi=(38)
cfn=(110)
calls=1 29 
* 31
+1 1
fi=(40) ./elf/./dl-hwcaps.h
43 1
fe=(37)
174 1
fi=(40)
45 2
+32 1
+1 1
+1 1
fe=(37)
-27 2
cfi=(39)
cfn=(114)
calls=1 -1 
* 23
* 2
fi=(40)
-9 1
+2 1
-2 1
+34 2
+1 2
+1 1
fe=(37)
-24 1
-1 1
+1 1
+1 1
+1 1
-5 2
cfi=(39)
cfn=(114)
calls=1 -1 
* 30
* 2
cfi=(39)
cfn=(114)
calls=1 -1 
* 199
* 4
+48 4
fi=(28)
-44 2
cfi=(27)
cfn=(78)
calls=1 -20 
* 30
fe=(37)
+46 2
-2 1
+2 1
+3 1
+3 1
fi=(40)
-65 1
+2 1
fe=(37)
+67 1
fi=(40)
-66 1
fe=(37)
+66 2
cfi=(39)
cfn=(120)
calls=1 -87 
* 13
* 2
fi=(40)
-69 1
+2 1
-2 1
+34 2
+1 2
+1 1
fe=(37)
+48 5
+1 2
+1 1
+1 1
-1 1
-4 2
cfi=(39)
cfn=(114)
calls=1 -74 
* 30
* 2
cfi=(39)
cfn=(114)
calls=1 -74 
* 199
* 4
+8 3
+9 3
+47 1
-4 2
+4 2
-3 1
+7 1
-7 2
+7 1
fi=(28)
56 1
cfi=(27)
cfn=(78)
calls=1 -20 
* 30
* 1
fe=(37)
194 2
+8 1
fi=(40)
43 1
fe=(37)
201 1
80 1
fi=(40)
-35 1
fe=(37)
+35 1
202 1
fi=(40)
77 1
+1 1
fe=(37)
202 3
fi=(40)
79 1
fe=(37)
-2 2
cfi=(39)
cfn=(114)
calls=1 -26 
* 23
* 2
fi=(40)
-34 1
+2 1
fe=(37)
+35 2
fi=(40)
-37 1
+34 2
+1 2
+1 2
fe=(37)
+1 2
+7 1
-7 4
cfi=(29)
cfn=(124)
calls=1 197 
* 13
+4 1
+2 1
+2 1
-2 2
-9 2
cfi=(39)
cfn=(114)
calls=1 -26 
* 30
* 2
cfi=(39)
cfn=(114)
calls=1 -26 
* 199
* 4
213 2
-5 1
+1 1
-1 1
+5 1
+3 9

fl=(61)
fn=(192)
25 3
+1 12
+1 3

fl=(22)
fn=(62)
57 15
+44 15
+1 15
+1 15
+1 15
+1 15
+1 15
+1 15
+2 15
+2 15
+31 14
+1 14
+1 14
+1 14
+1 14
+1 8
+2 8
+4 6
+1 6
+1 6
+1 6
+1 6
+1 6
+1 6
+1 6
+1 6
+1 6
+1 6
+1 6
+5 48
+4 1
+1 14
+1 8

fl=(26)
fn=(84)
31 12
+2 3
-2 6
+2 3
-2 9
+2 3
cfi=(24)
cfn=(86)
calls=3 +9 
* 9
+2 26
+3 20
+2 2
+2 2
+4 2
+4 2
-4 4
+1 4
+1 4
+3 10
-1 2
cfi=(24)
cfn=(86)
calls=2 -8 
* 6
-4 1
+4 1
-4 2
+1 2
+1 2
+3 5
-1 1
cfi=(24)
cfn=(86)
calls=1 -8 
* 3
-5 2

fn=(72)
59 45
+3 6
+18 4
+3 2
cfi=(22)
cfn=(62)
calls=2 -26 
* 52
+4 2
-4 2
+4 2
+5 2
-9 6
fi=(28)
-39 4
cfi=(27)
cfn=(74)
calls=2 +36 
* 183
fe=(26)
+39 1
fi=(28)
-39 2
cfi=(27)
cfn=(74)
calls=1 +36 
* 47
* 3
fe=(26)
+51 6
+5 3
+4 3
-6 3
+2 3
+4 3
-5 3
+4 3
+1 3
-1 3
+1 6
cfi=(29)
cfn=(82)
calls=3 210 
* 44
* 3
+15 3
-15 3
+2 3
+13 6
+6 1
+2 7
+3 2
-3 14
+3 4
+2 3
+4 3
+3 10
+2 12
-2 8
+2 8
-2 16
+16 6
-5 3
+5 3
-6 3
+6 3
-6 3
+6 6
+2 4
+3 4
-3 4
+7 8
+4 6
+8 1
+13 1
-10 2
+10 5
-10 4
+10 6
+2 2
cfi=(22)
cfn=(62)
calls=2 57 
* 70
+21 2
-21 6
+17 2
-13 6
+50 6
cfi=(29)
cfn=(124)
calls=2 -48 
* 34
* 2
+5 4
+1 4
-1 80
+1 80
+4 4
+1 2
+3 2
+4 27
131 6
-8 2
-4 4
+34 1
+7 4
+8 8
fi=(28)
56 4
cfi=(27)
cfn=(78)
calls=2 -20 
* 60
* 2
fe=(26)
200 4
-1 4
64 2
+2 3
+1 2
+4 6
+6 2

fl=(131)
fn=(402)
117 20
+5 4

fn=(452)
117 5
+5 1

fl=(64)
fn=(208)
28 4
+1 8
cfi=(65)
cfn=(210)
calls=2 146 
* 18

fl=(20)
fn=(52) intel_check_word.constprop.0
123 84
-4 126
+10 42
-10 168
+10 84
-10 42
+10 42
-10 42
+10 42
+2 84
+71 66
fi=(21) ./elf/../bits/stdlib-bsearch.h
32 33
fe=(20)
202 165
-71 170
+2 99
+2 198
+8 198
+51 198
+22 99
fi=(21)
28 99
-1 198
+2 582
+2 540
+1 270
fe=(20)
+78 540
+3 621
fi=(21)
-78 429
-6 858
+2 762
+1 381
fe=(20)
+78 762
221 120
+14 38
131 3
236 3
131 3
-6 31
246 252
fi=(21)
37 384
fe=(20)
223 11
+2 22
+3 14
+3 8
+1 8
-3 6
-2 8

fn=(56)
571 11
+17 1
+1 1
+9 1
-12 1
+2 1
+2 1
+8 1
-11 1
+3 1
+11 2
-5 3
+17 1
+5 3
+4 2
770 5
+1 5
+4 2
+8 1
-1 1
+1 1
+1 1
+1 7
627 5
+3 6
-32 5
+75 4
+8 5
+2 2
-2 1
+6 3
+3 1
+1 5
-4 4
+21 2
-21 4
+2 1
+2 4
-4 1
+6 4
+3 2
+5 1
+2 2
+1 1
+1 1
-2 2
+1 1
-19 4
+46 2
+1 1
+1 2
+1 1
+25 3
630 3
+10 6
+14 2
+4 1
+3 1
+1 1
-4 2
+3 3
+6 4
-37 12
+7 6
-7 3
+7 2
+3 20
+5 2
+4 1
+1 1
-1 2
+1 1
+61 2
+7 1
+2 2
-16 1
+22 1
-6 2
+1 1
+5 1
-30 5

fn=(50)
255 24
-5 12
+17 12
-17 96
+11 12
+1 12
+5 36
+4 24
+34 96
-29 12
+3 24
-3 12
+3 36
cfn=(52)
calls=12 123 
* 4164
+2 24
+3 60
cfn=(52)
calls=12 123 
* 2706
+2 24
+3 45
cfn=(52)
calls=9 123 
* 225
+2 18
+3 45
cfn=(52)
calls=9 123 
* 1840
+2 18
+4 3

fl=(11)
fn=(58)
153 15
-81 40
+81 15
-81 10
+10 5
fi=(179) ./elf/./dl-tunable-types.h
+2 5
fe=(11)
+9 40
+1 25
fi=(12) ./elf/./elf/dl-tunables.h
+47 10
fe=(11)
-26 25
+1 5
+1 5
+1 5
+39 15
fi=(12)
-15 10
fe=(11)
-45 10
+3 5
fi=(12)
+51 5
fe=(11)
-51 5
+4 10
+7 10
+1 10
-12 25

fn=(28)
387 24
+3 48
-3 24
+3 192
+9 21
-9 42
+19 12
+7 144
+2 24
-19 12
+1 12
+9 6

fn=(22)
261 8
+22 1
-22 1
128 1
283 1
-22 1
+6 4
42 275
+6 54
-3 54
+3 5329
+4 108
+4 108
fi=(12)
160 54
fe=(11)
56 108
fi=(12)
161 36
-1 162
+1 198
-1 108
fe=(11)
281 8856
+6 16038
fi=(12)
160 540
+1 1080
-1 41
+1 164
-1 205
fe=(11)
304 8

fl=(70)
fn=(226)
30 26
+4 2
+1 4
+10 4
+18 2
-17 2
+17 10

fl=(52)
fn=(170)
28 10
+3 5
-3 10
+3 30
+8 35
+2 6
-2 6
+2 4

fl=(50)
fn=(160)
31 3
+2 3
+9 3
+1 6
+1 3
+4 3
+1 3
+1 3
+1 3
+1 3
+2 6
+2 3
+1 3
+1 3
+2 6
+2 3
+8 3
+3 3
+1 3
+7 3
+1 3

ob=(2)
fl=(141) ./resource/../sysdeps/unix/sysv/linux/getrlimit64.c
fn=(436) getrlimit
38 2
+1 7
+1 1

fl=(123)
fn=(378)
33 1
fi=(112) ./string/../sysdeps/x86_64/multiarch/ifunc-strcpy.h
+5 2
+1 1
-1 2
+16 4
fe=(123)
-21 1

fl=(115)
fn=(354)
29 1
fi=(180) ./string/../sysdeps/x86_64/multiarch/ifunc-memcmp.h
+5 5
fe=(115)
-5 2

fl=(139)
fn=(432)
33 9
+2 1
cfi=(140) ./ctype/./ctype/ctype-info.c
cfn=(434) __ctype_init
calls=1 -6 
* 17
+3 1
fi=(142) ./elf/../sysdeps/nptl/pthread_early_init.h
-5 2
fe=(139)
+8 1
-3 1
+3 1
fi=(142)
-8 1
cfi=(141)
cfn=(436)
calls=1 +5 
* 10
* 3
+1 1
+4 5
+7 1
fi=(181) ./elf/../nptl/nptl-stack.h
+16 3
fi=(142)
-16 1
fi=(181)
+16 2
fi=(142)
-7 1
fi=(181)
+7 3
fi=(142)
-9 1
-6 1
+2 2
+4 4
+1 1
+3 1
cfi=(143) ./nptl/./nptl/pthread_mutex_conf.c
cfn=(440) __pthread_tunables_init
calls=1 -1 
* 104
fe=(139)
-9 3
+2 2
-2 1
cfi=(145) ./nptl/../sysdeps/unix/sysv/linux/x86/elision-conf.c
cfn=(444) __lll_elision_init
calls=1 +45 
* 169

fl=(148)
fn=(476)
46 6
+5 2
+4 5
+8 1
-2 1
+10 1
-9 1
+1 1
+9 3
-1 1
cfi=(149) ./misc/./misc/init-misc.c
cfn=(478) __init_misc
calls=1 -41 
* 52

fl=(157) ./setjmp/../sysdeps/x86_64/setjmp.S
fn=(514) __sigsetjmp
31 1
+2 1
+9 1
+1 2
+1 1
+4 1
+1 1
+1 1
+1 1
+1 1
+2 2
+2 1
+1 1
+1 1
+2 2
+2 1
+5 1
+1 1
+17 1
cfi=(158) ./setjmp/./setjmp/sigjmp.c
cfn=(516) __sigjmp_save
calls=1 -57 
* 13

fl=(102)
fn=(326)
28 1
fi=(182) ./string/../sysdeps/x86_64/multiarch/ifunc-avx2.h
+12 3
-2 4
fe=(102)
-10 2

fl=(163)
fn=(534)
77 1
+3 3
+2 1
+2 2
-7 4
+11 2
+91 1
+3 1
+2 1
+3 1
-63 1
+66 3
-93 2
+11 4
+4 1
+3 2
-71 1
+1 7
+1 1
+84 3
+1 2

fl=(114)
fn=(352)
31 1
fi=(182)
+9 3
-2 4
fe=(114)
-7 2

fl=(159) ./io/../sysdeps/unix/sysv/linux/write.c
fn=(524) write
25 2
+1 12
+1 2

fl=(107)
fn=(336)
31 1
fi=(108) ./string/../sysdeps/x86_64/multiarch/ifunc-strcasecmp.h
+6 2
-1 4
+17 3
+3 3
fe=(107)
-25 2

fl=(121)
fn=(372)
29 1
fi=(183) ./wcsmbs/../sysdeps/x86_64/multiarch/ifunc-memcmp.h
+5 5
fe=(121)
-5 2

fl=(120)
fn=(370)
29 1
fi=(184) ./string/../sysdeps/x86_64/multiarch/ifunc-strncpy.h
+6 5
fe=(120)
-6 1

fl=(149)
fn=(478)
30 1
+1 2
-1 4
+1 4
+2 3
cob=(3)
cfi=(144)
cfn=(480) 0x000000000487c660
calls=1 -33 
* 26
+4 5
+1 3
+2 4

fl=(111)
fn=(344)
29 1
fi=(112)
+9 2
+1 1
-1 2
+16 4
fe=(111)
-25 1

fl=(87)
fn=(292)
29 1
fi=(88) ./string/../sysdeps/x86_64/multiarch/ifunc-memset.h
+25 5
+3 3
+7 2
+9 2
+30 4
fe=(87)
-74 1

fl=(150) ./string/../sysdeps/x86_64/multiarch/strrchr-sse2.S
fn=(482) __strrchr_sse2
45 1
+1 1
+1 1
+1 1
+2 1
+1 1
+2 1
+1 1
+1 1
+3 1
+1 1
+1 1
+1 1
+1 1
+1 1
+2 1
+1 1
+1 1
+1 1
+1 1
+1 1
+1 1
+1 1
+8 1

fl=(85)
fn=(288)
30 1
fi=(86) ./wcsmbs/../sysdeps/x86_64/multiarch/ifunc-wcslen.h
+11 2
-1 4
+17 4
fe=(85)
-27 1

fl=(110)
fn=(342)
60 1
-17 2
-1 4
+12 4
+6 1

fl=(103)
fn=(328)
30 1
fi=(185) ./wcsmbs/../sysdeps/x86_64/multiarch/ifunc-avx2.h
+10 3
-2 4
fe=(103)
-8 2

fl=(117)
fn=(358)
29 1
fi=(112)
+9 2
+1 1
-1 2
+16 4
fe=(117)
-25 1

fl=(90)
fn=(300)
29 1
fi=(91) ./debug/../sysdeps/x86_64/multiarch/ifunc-memmove.h
+28 3
-1 2
+4 3
+14 2
+29 2
+10 4
fe=(90)
-84 1
fi=(91)
+79 3
fe=(90)

fl=(116)
fn=(356)
31 2
fi=(186) ./wcsmbs/../sysdeps/x86_64/multiarch/ifunc-wmemset.h
+5 10
fe=(116)
-5 2

fl=(169) ./libio/./libio/genops.c
fn=(586) _IO_flush_all
686 5
+5 1
-5 1
+5 1
-5 6
+5 4
cfi=(170) ./nptl/./nptl/libc-cleanup.c
cfn=(588) __libc_cleanup_push_defer
calls=1 24 
* 13
+1 6
-5 1
fi=(171) ./libio/./libio/libioP.h
1025 2
fe=(169)
708 33
+1 3
-14 9
+2 3
+1 27
+2 21
+13 7
+1 2
cfi=(170)
cfn=(590) __libc_cleanup_pop_restore
calls=1 54 
* 9
+4 12
-20 9
-6 2
-5 2
+8 1
-3 1
+3 2

fn=(584) _IO_cleanup
842 6
-66 1
+66 6
+1 1
cfn=(586)
calls=1 686 
* 183
-67 2
+67 1
-67 3
cfi=(170)
cfn=(588)
calls=1 24 
* 13
+1 6
fi=(171)
1025 1
fe=(169)
785 1
-1 1
+1 4
-1 2
+1 25
+9 6
+20 2
+2 4
+1 3
-37 9
+41 7
+1 2
cfi=(170)
cfn=(590)
calls=1 54 
* 9
+33 12
-78 2
+39 24
-2 1
+2 1
-31 6
+7 7
-15 1
+3 2
-3 1
+3 2

fl=(151)
fn=(484)
545 1
+1 4
+1 3
+1 3
+2 1

fl=(129)
fn=(394)
33 1
fi=(96) ./string/../sysdeps/x86_64/multiarch/ifunc-memmove.h
+24 3
-1 2
+4 3
+14 2
+29 2
+10 4
fe=(129)
-80 1
fi=(96)
+75 3
fe=(129)

fl=(89)
fn=(296)
29 1
fi=(86)
+12 2
-1 4
+17 4
fe=(89)
-28 1

fl=(80)
fn=(278)
86 1
fi=(81) ./string/../sysdeps/x86/cacheinfo.h
-27 1
+3 3
+2 1
+1 1
-1 2
+7 3
+2 1
+1 1
-1 2
+5 2
+2 2
+1 2
+1 2
+2 2
+2 2
fe=(80)

fl=(113)
fn=(348)
31 1
fi=(108)
+6 2
-1 4
+17 3
+3 3
fe=(113)
-25 2

fl=(122)
fn=(374)
29 1
fi=(91)
+28 3
-1 2
+4 3
+14 2
+29 2
+10 4
fe=(122)
-84 1
fi=(91)
+79 3
fe=(122)

fl=(160) ./stdlib/./stdlib/exit.c
fn=(526) exit
137 2
+1 3
-1 1
+1 1
cfn=(528) __run_exit_handlers
calls=1 38 
* 1434

fn=(528)
38 12
+2 2
+3 5
+11 2
+2 2
+38 2
-30 6
+2 1
+1 1
-1 1
+3 7
+44 3
+13 1
-66 1
+66 3
+2 2
+3 2
cfi=(172) ./posix/../sysdeps/unix/sysv/linux/_exit.c
cfn=(594) _Exit
calls=1 27 
* 4
-29 1
+1 1
-2 1
+3 1
+3 1
-3 2
+3 3
+1 3
cob=(1)
cfi=(162)
cfn=(532)
calls=1 -82 
* 981
+1 4
+10 3
+1 2
-79 1
cfi=(161) ./stdlib/./stdlib/cxa_thread_atexit_impl.c
cfn=(530) __call_tls_dtors
calls=1 148 
* 13
* 1
+88 1
cfi=(169)
cfn=(584)
calls=1 842 
* 357
* 1

fl=(105)
fn=(332)
31 2
fi=(187) ./wcsmbs/../sysdeps/x86_64/multiarch/ifunc-evex.h
+7 6
-1 8
fe=(105)
-6 2

fl=(161)
fn=(530)
148 4
+1 1
-1 1
+1 3
+16 4

fl=(83)
fn=(284)
29 1
fi=(188) ./string/../sysdeps/x86_64/multiarch/ifunc-sse4_2.h
+7 5
fe=(83)
-7 1

fl=(155) ./csu/../sysdeps/nptl/libc_start_call_main.h
fn=(510) (below main)
29 4
+15 1
-15 5
+15 1
cfi=(156) ./setjmp/../sysdeps/x86_64/bsd-_setjmp.S
cfn=(512) _setjmp
calls=1 -16 
* 38
* 1
+2 2
+5 2
+1 2
+3 2
+3 6
cob=(5)
cfi=(152)
cfn=(518) main
calls=1 -58 
* 48
+16 2
cfi=(160)
cfn=(526)
calls=1 +63 
* 1441

fl=(153) ./csu/../csu/libc-start.c
fn=(490) __libc_start_main@@GLIBC_2.34
242 13
+69 3
+1 3
cfi=(154) ./stdlib/./stdlib/cxa_atexit.c
cfn=(492) __cxa_atexit
calls=1 67 
* 72
+25 6
+6 2
-3 2
+10 2
cob=(3)
cfi=(144)
cfn=(506) 0x000000000487c7b0
calls=1 0 
* 7
+2 2
+8 4
cfi=(155)
cfn=(510)
calls=1 29 
* 1555
128 2
+6 3
+1 6
cob=(3)
cfi=(144)
cfn=(496) 0x0000000000109000
calls=1 0 
* 7
* 1
+3 1
+1 2
+3 2
+1 2
-1 1
+2 7
+1 4
cob=(5)
cfi=(152)
cfn=(500) 0x0000000000001140
calls=1 0 
* 12
-1 4

fl=(93)
fn=(308)
29 1
fi=(182)
+11 3
-2 4
fe=(93)
-9 2

fl=(100)
fn=(322)
29 1
fi=(101) ./debug/../sysdeps/x86_64/multiarch/ifunc-memset.h
+25 5
+3 3
+7 2
+9 2
+30 4
fe=(100)
-74 1

fl=(109)
fn=(340)
29 1
fi=(188)
+7 5
fe=(109)
-7 1

fl=(126)
fn=(388)
29 1
fi=(188)
+7 5
fe=(126)
-7 1

fl=(104)
fn=(330)
31 1
fi=(184)
+4 5
fe=(104)
-4 1

fl=(118)
fn=(362)
31 1
fi=(108)
+6 2
-1 4
+17 3
+3 3
fe=(118)
-25 2

fl=(167) ./posix/./posix/register-atfork.c
fn=(550) __unregister_atfork
82 4
+1 4
-1 8
+1 4
fi=(168) ./posix/../malloc/dynarray-skeleton.c
243 2
fe=(167)
71 4
+38 8
+1 6

fl=(82)
fn=(282)
31 2
fi=(182)
+9 6
-2 8
fe=(82)
-7 4

fl=(130)
fn=(398)
31 1
fi=(108)
+6 2
-1 4
+17 3
+3 3
fe=(130)
-25 2

fl=(99)
fn=(320)
65 1
-22 2
+1 1
-2 4
+17 4
+6 1

fl=(172)
fn=(594)
27 2
+3 2

fl=(156)
fn=(512)
28 1
+2 1
+2 1
cfi=(157)
cfn=(514)
calls=1 -1 
* 35

fl=(95)
fn=(312)
29 1
fi=(96)
+28 3
-1 2
+4 3
+14 2
+29 2
+10 4
fi=(189) ./string/../sysdeps/x86_64/multiarch/memcpy.c
-84 1
fi=(96)
+79 3
fe=(95)

fl=(94)
fn=(310)
31 1
fi=(190) ./wcsmbs/../sysdeps/x86_64/multiarch/ifunc-wcs.h
+9 3
-1 4
fe=(94)
-8 1

fl=(106)
fn=(334)
67 1
-23 2
-1 4
+17 3
+1 3
+6 2

fl=(143)
fn=(440)
55 2
+1 2
-1 2
+1 2
-1 4
+1 1
cob=(3)
cfi=(144)
cfn=(442) 0x000000000487c720
calls=1 -56 
* 26
+2 4
cob=(3)
cfi=(144)
cfn=(442)
calls=1 -58 
* 25
+2 4
cob=(3)
cfi=(144)
cfn=(442)
calls=1 -60 
* 26
+2 6

fl=(170)
fn=(588)
24 2
+1 2
+2 4
+2 4
+3 4
+14 6
+2 2
+1 2

fn=(590)
54 2
+1 2
+2 4
+2 2
+1 6
+11 2

fl=(164)
fn=(536)
367 1
51 3
+1 2
367 3
57 2
+8 1
-3 1
-23 1
+1 4
+1 1
+29 1
+2 1
369 2
74 2
+6 4
+4 3
+3 2

fl=(119)
fn=(368)
29 1
fi=(182)
+11 3
-2 4
fe=(119)
-9 2

fl=(140)
fn=(434)
29 1
+2 7
+2 4
+2 4
+1 1

fl=(84)
fn=(286)
79 1
-31 2
+1 1
-2 4
+17 3
+3 2
+12 1

fl=(125)
fn=(386)
29 1
fi=(191) ./string/../sysdeps/x86_64/multiarch/ifunc-evex.h
+9 3
-1 4
fe=(125)
-8 1

fl=(127)
fn=(390)
31 1
fi=(190)
+9 3
-1 4
fi=(128) ./wcsmbs/../sysdeps/x86_64/multiarch/wcpncpy.c
-8 1
fe=(127)

fl=(166) ./stdlib/./stdlib/cxa_finalize.c
fn=(548) __cxa_finalize
30 4
+3 4
-3 16
+3 10
+3 8
+4 14
-4 6
+57 8
+4 12
-4 6
+12 4
cfi=(167)
cfn=(550)
calls=2 -23 
* 40
+1 8
+1 16

fl=(92)
fn=(304)
29 1
fi=(91)
+28 3
-1 2
+4 3
+14 2
+29 2
+10 4
fe=(92)
-84 1
fi=(91)
+79 3
fe=(92)

fl=(158)
fn=(516)
28 6
+2 2
-1 1
+5 4

fl=(97)
fn=(366)
31 1
fi=(190)
+9 3
-1 4
fe=(97)
-8 1

fn=(316)
31 2
fi=(185)
+9 6
-2 8
fi=(98) ./wcsmbs/../sysdeps/x86_64/multiarch/wcschr.c
-7 4
fe=(97)

fl=(124)
fn=(382)
29 1
fi=(96)
+28 3
-1 2
+4 3
+14 2
+29 2
+10 4
fe=(124)
-84 1
fi=(96)
+79 3
fe=(124)

fl=(145)
fn=(444)
92 2
+4 1
-4 2
+4 2
-4 1
+4 1
-4 3
+4 1
cob=(3)
cfi=(144)
cfn=(442)
calls=1 -96 
* 26
+2 4
cob=(3)
cfi=(144)
cfn=(442)
calls=1 -98 
* 26
+2 4
cob=(3)
cfi=(144)
cfn=(442)
calls=1 0 
* 26
+2 4
cob=(3)
cfi=(144)
cfn=(442)
calls=1 0 
* 26
+2 4
cob=(3)
cfi=(144)
cfn=(442)
calls=1 0 
* 26
+3 3
+1 1
+1 6

fl=(154)
fn=(492)
67 7
-26 2
+2 8
+1 2
cfn=(494) __new_exitfn
calls=1 +36 
* 33
+2 2
+8 1
-2 1
+3 1
+1 1
-4 2
+1 1
+4 4
+1 1
+11 6

fn=(494)
80 1
+6 2
-6 4
+11 2
-10 1
+10 4
+2 4
-2 1
+10 1
-10 3
+45 1
+5 3
-4 1
+4 2
-18 1
-1 1
+12 1

ob=(3)
fl=(144)
fn=(562)
0 4

fn=(546) 0x0000000000109040
0 2
cob=(2)
cfi=(166)
cfn=(548)
calls=1 30 
0 78

fn=(522) 0x0000000000109050
0 4
cob=(2)
cfi=(159)
cfn=(524)
calls=2 25 
0 16

fn=(496)
0 7

fn=(582)
0 4

fn=(506)
0 2
cob=(1)
cfi=(47)
cfn=(508)
calls=1 118 
0 5

fn=(442)
0 16
cob=(1)
cfi=(11)
cfn=(28)
calls=8 387 
0 191

fn=(480)
0 2
cob=(2)
cfi=(150)
cfn=(482)
calls=1 45 
0 24

fn=(572)
0 2
cob=(2)
cfi=(166)
cfn=(548)
calls=1 30 
0 78

fn=(466)
0 7

ob=(5)
fl=(152)
fn=(500)
0 12

fn=(518)
0 5
cfn=(520) ft_is_negative
calls=1 0 
0 25
0 5
cob=(3)
cfi=(144)
cfn=(522)
calls=1 0 
0 10
0 3

fn=(488)
0 12
cob=(2)
cfi=(153)
cfn=(490)
calls=1 242 
0 1725

fn=(540)
0 9
cob=(3)
cfi=(144)
cfn=(546)
calls=1 0 
0 80
0 1
cfn=(556) 0x0000000000001090
calls=1 0 
0 5
0 3

fn=(520)
0 12
cob=(3)
cfi=(144)
cfn=(522)
calls=1 0 
0 10
0 3

fn=(556)
0 5

totals: 148764
